8.463333332999999925e+01 0.000000000000000000e+00
1.636999999999999886e+02 1.000000000000000000e+00
1.649333332999999868e+02 0.000000000000000000e+00
4.136666667000000075e+01 1.000000000000000000e+00
7.799999999999999822e+00 1.000000000000000000e+00
1.643333332999999925e+02 0.000000000000000000e+00
9.953333333000000493e+01 1.000000000000000000e+00
3.656666666999999649e+01 1.000000000000000000e+00
3.626666666999999933e+01 1.000000000000000000e+00
1.320333333000000096e+02 1.000000000000000000e+00
1.635333333000000096e+02 0.000000000000000000e+00
1.413333332999999925e+01 1.000000000000000000e+00
1.603000000000000114e+02 0.000000000000000000e+00
6.286666667000000075e+01 0.000000000000000000e+00
1.408666666999999961e+02 0.000000000000000000e+00
1.539666666999999904e+02 0.000000000000000000e+00
1.574333332999999868e+02 0.000000000000000000e+00
1.031333333000000039e+02 0.000000000000000000e+00
2.850000000000000000e+01 1.000000000000000000e+00
6.950000000000000000e+01 0.000000000000000000e+00
8.606666667000000359e+01 1.000000000000000000e+00
1.531999999999999886e+02 0.000000000000000000e+00
4.976666666999999933e+01 1.000000000000000000e+00
9.870000000000000284e+01 0.000000000000000000e+00
8.066666666999999791e+00 1.000000000000000000e+00
1.480333333000000096e+02 0.000000000000000000e+00
1.407666667000000018e+02 1.000000000000000000e+00
8.533333333000000209e+01 0.000000000000000000e+00
1.580333333000000096e+02 0.000000000000000000e+00
4.270000000000000284e+01 1.000000000000000000e+00
1.124000000000000057e+02 1.000000000000000000e+00
1.270999999999999943e+02 0.000000000000000000e+00
3.916666666999999791e+01 1.000000000000000000e+00
1.340000000000000036e+01 0.000000000000000000e+00
6.673333332999999357e+01 1.000000000000000000e+00
1.222666667000000018e+02 0.000000000000000000e+00
2.399999999999999911e+00 0.000000000000000000e+00
9.586666667000000075e+01 1.000000000000000000e+00
2.906666667000000004e+01 1.000000000000000000e+00
1.521999999999999886e+02 0.000000000000000000e+00
1.389000000000000057e+02 0.000000000000000000e+00
1.142333332999999982e+02 1.000000000000000000e+00
1.182000000000000028e+02 0.000000000000000000e+00
1.266666666999999968e+00 0.000000000000000000e+00
1.320666667000000132e+02 0.000000000000000000e+00
1.378000000000000114e+02 0.000000000000000000e+00
6.663333332999999925e+01 1.000000000000000000e+00
1.510000000000000000e+02 0.000000000000000000e+00
1.293333332999999996e+01 1.000000000000000000e+00
8.820000000000000284e+01 0.000000000000000000e+00
1.505666667000000132e+02 0.000000000000000000e+00
1.092000000000000028e+02 0.000000000000000000e+00
1.479333332999999868e+02 0.000000000000000000e+00
1.240000000000000036e+01 0.000000000000000000e+00
5.433333333000000209e+01 1.000000000000000000e+00
1.520666667000000132e+02 1.000000000000000000e+00
1.476666667000000075e+02 0.000000000000000000e+00
5.176666666999999933e+01 1.000000000000000000e+00
1.766666666999999968e+00 0.000000000000000000e+00
5.170000000000000284e+01 1.000000000000000000e+00
1.112000000000000028e+02 0.000000000000000000e+00
4.923333333000000067e+01 1.000000000000000000e+00
6.303333332999999783e+01 0.000000000000000000e+00
1.147666667000000018e+02 0.000000000000000000e+00
5.979999999999999716e+01 0.000000000000000000e+00
1.147666667000000018e+02 0.000000000000000000e+00
5.576666666999999933e+01 0.000000000000000000e+00
9.809999999999999432e+01 1.000000000000000000e+00
1.083333333000000032e+01 0.000000000000000000e+00
4.763333332999999925e+01 1.000000000000000000e+00
1.044000000000000057e+02 0.000000000000000000e+00
4.310000000000000142e+01 1.000000000000000000e+00
1.227666667000000018e+02 0.000000000000000000e+00
9.336666667000000075e+01 1.000000000000000000e+00
5.433333333000000209e+00 0.000000000000000000e+00
1.380999999999999943e+02 0.000000000000000000e+00
3.766666666999999968e+00 0.000000000000000000e+00
7.876666667000000643e+01 0.000000000000000000e+00
7.236666667000000075e+01 0.000000000000000000e+00
1.134333333000000010e+02 0.000000000000000000e+00
4.560000000000000142e+01 1.000000000000000000e+00
1.044666667000000047e+02 1.000000000000000000e+00
6.233333333000000209e+01 0.000000000000000000e+00
8.596666666999999507e+01 0.000000000000000000e+00
1.090333332999999953e+02 0.000000000000000000e+00
3.130000000000000071e+01 1.000000000000000000e+00
9.066666666999999791e+00 1.000000000000000000e+00
1.530000000000000071e+01 1.000000000000000000e+00
1.446333333000000039e+02 0.000000000000000000e+00
1.900000000000000000e+01 0.000000000000000000e+00
9.159999999999999432e+01 0.000000000000000000e+00
1.460000000000000000e+02 0.000000000000000000e+00
7.073333332999999357e+01 0.000000000000000000e+00
1.447666667000000018e+02 0.000000000000000000e+00
1.444000000000000057e+02 0.000000000000000000e+00
1.308666666999999961e+02 1.000000000000000000e+00
1.257000000000000028e+02 0.000000000000000000e+00
1.283666666999999961e+02 0.000000000000000000e+00
5.876666666999999933e+01 1.000000000000000000e+00
2.430000000000000071e+01 1.000000000000000000e+00
1.444666666999999904e+02 0.000000000000000000e+00
1.411666667000000075e+02 0.000000000000000000e+00
1.736333333000000039e+02 0.000000000000000000e+00
4.479999999999999716e+01 1.000000000000000000e+00
1.469000000000000057e+02 0.000000000000000000e+00
1.222000000000000028e+02 0.000000000000000000e+00
1.310666667000000132e+02 0.000000000000000000e+00
3.983333333000000209e+01 1.000000000000000000e+00
2.019999999999999929e+01 1.000000000000000000e+00
2.126999999999999886e+02 0.000000000000000000e+00
8.133333333000000209e+01 1.000000000000000000e+00
1.767666667000000018e+02 0.000000000000000000e+00
5.763333332999999925e+01 0.000000000000000000e+00
1.118666666999999961e+02 0.000000000000000000e+00
1.083333333000000032e+01 1.000000000000000000e+00
7.150000000000000000e+01 0.000000000000000000e+00
2.003333332999999925e+02 0.000000000000000000e+00
1.960000000000000142e+01 0.000000000000000000e+00
2.076333333000000039e+02 0.000000000000000000e+00
7.243333332999999641e+01 1.000000000000000000e+00
9.423333332999999357e+01 1.000000000000000000e+00
1.425666667000000132e+02 1.000000000000000000e+00
2.050333333000000096e+02 0.000000000000000000e+00
1.931666667000000075e+02 0.000000000000000000e+00
8.556666667000000359e+01 1.000000000000000000e+00
7.313333332999999925e+01 1.000000000000000000e+00
1.990999999999999943e+02 0.000000000000000000e+00
1.497666667000000018e+02 0.000000000000000000e+00
1.497333332999999982e+02 0.000000000000000000e+00
1.646999999999999886e+02 0.000000000000000000e+00
1.855999999999999943e+02 0.000000000000000000e+00
1.883333332999999925e+02 0.000000000000000000e+00
1.523000000000000114e+02 0.000000000000000000e+00
2.006999999999999886e+02 0.000000000000000000e+00
9.173333332999999357e+01 1.000000000000000000e+00
8.613333332999999925e+01 0.000000000000000000e+00
1.186666667000000075e+01 1.000000000000000000e+00
1.698333332999999925e+02 1.000000000000000000e+00
9.023333332999999357e+01 1.000000000000000000e+00
1.822666667000000018e+02 1.000000000000000000e+00
1.760333333000000096e+02 1.000000000000000000e+00
4.310000000000000142e+01 1.000000000000000000e+00
1.891333333000000039e+02 0.000000000000000000e+00
9.066666666999999791e+01 1.000000000000000000e+00
2.850000000000000000e+01 1.000000000000000000e+00
2.223333333000000067e+01 0.000000000000000000e+00
3.370333332999999811e+02 0.000000000000000000e+00
1.220000000000000000e+02 1.000000000000000000e+00
1.865333333000000096e+02 0.000000000000000000e+00
5.833333332999999676e+00 1.000000000000000000e+00
1.922666667000000018e+02 1.000000000000000000e+00
1.942333332999999982e+02 0.000000000000000000e+00
0.000000000000000000e+00 0.000000000000000000e+00
3.366666667000000057e+00 0.000000000000000000e+00
1.925999999999999943e+02 0.000000000000000000e+00
9.473333332999999357e+01 1.000000000000000000e+00
6.379999999999999716e+01 1.000000000000000000e+00
1.995333333000000096e+02 0.000000000000000000e+00
3.920000000000000284e+01 1.000000000000000000e+00
4.943333333000000351e+01 1.000000000000000000e+00
7.290000000000000568e+01 0.000000000000000000e+00
1.645000000000000000e+02 0.000000000000000000e+00
1.227000000000000028e+02 1.000000000000000000e+00
8.420000000000000284e+01 1.000000000000000000e+00
6.013333332999999925e+01 0.000000000000000000e+00
1.115333332999999953e+02 1.000000000000000000e+00
6.350000000000000000e+01 1.000000000000000000e+00
4.296666667000000217e+01 1.000000000000000000e+00
1.832666667000000018e+02 0.000000000000000000e+00
4.233333333000000209e+01 1.000000000000000000e+00
1.851666667000000075e+02 0.000000000000000000e+00
1.511666667000000075e+02 1.000000000000000000e+00
1.847666667000000018e+02 0.000000000000000000e+00
4.433333333000000209e+00 1.000000000000000000e+00
1.861999999999999886e+02 0.000000000000000000e+00
1.829000000000000057e+02 0.000000000000000000e+00
1.516666667000000075e+02 1.000000000000000000e+00
1.686999999999999886e+02 0.000000000000000000e+00
4.070000000000000284e+01 1.000000000000000000e+00
6.373333333000000067e+01 0.000000000000000000e+00
1.746333333000000039e+02 0.000000000000000000e+00
5.053333332999999783e+01 1.000000000000000000e+00
1.449666666999999904e+02 1.000000000000000000e+00
1.775333333000000096e+02 0.000000000000000000e+00
1.255999999999999943e+02 1.000000000000000000e+00
1.706333333000000039e+02 1.000000000000000000e+00
2.673333333000000067e+01 1.000000000000000000e+00
1.647333332999999982e+02 0.000000000000000000e+00
1.739000000000000057e+02 1.000000000000000000e+00
1.253333333000000067e+02 1.000000000000000000e+00
9.113333332999999925e+01 1.000000000000000000e+00
1.529333332999999868e+02 0.000000000000000000e+00
7.266666666999999791e+01 0.000000000000000000e+00
2.043333332999999996e+01 1.000000000000000000e+00
1.227000000000000028e+02 1.000000000000000000e+00
1.460333333000000096e+02 1.000000000000000000e+00
4.606666666999999649e+01 1.000000000000000000e+00
5.520000000000000284e+01 1.000000000000000000e+00
4.183333333000000209e+01 1.000000000000000000e+00
1.159999999999999964e+01 1.000000000000000000e+00
2.135000000000000000e+02 0.000000000000000000e+00
3.286666667000000075e+01 0.000000000000000000e+00
2.160000000000000142e+01 0.000000000000000000e+00
1.325666667000000132e+02 1.000000000000000000e+00
1.506666667000000004e+01 1.000000000000000000e+00
4.703333332999999783e+01 1.000000000000000000e+00
8.990000000000000568e+01 1.000000000000000000e+00
1.765999999999999943e+02 0.000000000000000000e+00
8.723333332999999357e+01 1.000000000000000000e+00
6.423333332999999357e+01 0.000000000000000000e+00
1.424333332999999868e+02 0.000000000000000000e+00
6.189999999999999858e+01 1.000000000000000000e+00
1.443333332999999925e+02 0.000000000000000000e+00
9.350000000000000000e+01 1.000000000000000000e+00
1.311333333000000039e+02 0.000000000000000000e+00
6.276666666999999933e+01 1.000000000000000000e+00
2.700000000000000000e+01 1.000000000000000000e+00
1.433333332999999987e+00 0.000000000000000000e+00
1.431666667000000075e+02 0.000000000000000000e+00
1.343666666999999961e+02 0.000000000000000000e+00
9.729999999999999716e+01 1.000000000000000000e+00
1.356666667000000075e+02 0.000000000000000000e+00
6.933333333000000209e+01 1.000000000000000000e+00
1.301999999999999886e+02 0.000000000000000000e+00
1.364666666999999904e+02 0.000000000000000000e+00
8.573333332999999357e+01 1.000000000000000000e+00
6.110000000000000142e+01 1.000000000000000000e+00
3.643333333000000351e+01 1.000000000000000000e+00
1.381333333000000039e+02 0.000000000000000000e+00
9.756666667000000359e+01 0.000000000000000000e+00
9.696666666999999507e+01 0.000000000000000000e+00
1.424666666999999904e+02 0.000000000000000000e+00
3.813333332999999925e+01 1.000000000000000000e+00
2.083333332999999854e+01 1.000000000000000000e+00
6.423333332999999357e+01 0.000000000000000000e+00
2.900000000000000000e+01 1.000000000000000000e+00
6.066666666999999791e+01 0.000000000000000000e+00
5.723333333000000067e+01 0.000000000000000000e+00
4.320000000000000284e+01 1.000000000000000000e+00
1.370999999999999943e+02 1.000000000000000000e+00
2.246666666999999862e+01 1.000000000000000000e+00
2.626666666999999933e+01 1.000000000000000000e+00
9.973333332999999357e+01 0.000000000000000000e+00
6.350000000000000000e+01 0.000000000000000000e+00
9.690000000000000568e+01 1.000000000000000000e+00
6.300000000000000000e+01 0.000000000000000000e+00
1.391666667000000075e+02 0.000000000000000000e+00
1.361666667000000075e+02 0.000000000000000000e+00
1.400666667000000132e+02 0.000000000000000000e+00
7.663333332999999925e+01 0.000000000000000000e+00
6.266666666999999968e+00 1.000000000000000000e+00
1.020666666999999990e+02 0.000000000000000000e+00
1.042999999999999972e+02 1.000000000000000000e+00
7.673333332999999357e+01 0.000000000000000000e+00
9.300000000000000000e+01 1.000000000000000000e+00
3.379999999999999716e+01 1.000000000000000000e+00
9.833333333000000565e+00 1.000000000000000000e+00
2.439999999999999858e+01 1.000000000000000000e+00
1.310999999999999943e+02 0.000000000000000000e+00
1.160999999999999943e+02 0.000000000000000000e+00
5.593333333000000351e+01 0.000000000000000000e+00
7.446666666999999507e+01 1.000000000000000000e+00
8.513333332999999925e+01 0.000000000000000000e+00
4.550000000000000000e+01 1.000000000000000000e+00
7.550000000000000000e+01 1.000000000000000000e+00
9.056666667000000359e+01 0.000000000000000000e+00
1.351666667000000075e+02 0.000000000000000000e+00
1.121333333000000039e+02 0.000000000000000000e+00
1.008333333000000067e+02 0.000000000000000000e+00
1.034666667000000047e+02 1.000000000000000000e+00
4.503333332999999783e+01 0.000000000000000000e+00
1.325333333000000096e+02 0.000000000000000000e+00
7.226666667000000643e+01 0.000000000000000000e+00
1.125666666999999990e+02 0.000000000000000000e+00
5.006666666999999649e+01 0.000000000000000000e+00
6.279999999999999716e+01 0.000000000000000000e+00
4.313333332999999925e+01 1.000000000000000000e+00
9.933333333000000209e+01 0.000000000000000000e+00
1.345000000000000000e+02 0.000000000000000000e+00
3.560000000000000142e+01 1.000000000000000000e+00
1.327666667000000018e+02 0.000000000000000000e+00
1.205666666999999990e+02 1.000000000000000000e+00
3.929999999999999716e+01 1.000000000000000000e+00
2.860000000000000142e+01 1.000000000000000000e+00
4.386666667000000075e+01 0.000000000000000000e+00
1.055999999999999943e+02 1.000000000000000000e+00
1.295999999999999943e+02 1.000000000000000000e+00
1.312666667000000018e+02 0.000000000000000000e+00
8.823333332999999357e+01 0.000000000000000000e+00
1.074666667000000047e+02 0.000000000000000000e+00
2.739999999999999858e+01 0.000000000000000000e+00
1.110999999999999943e+02 1.000000000000000000e+00
1.306999999999999886e+02 0.000000000000000000e+00
1.304333332999999868e+02 0.000000000000000000e+00
1.323000000000000114e+02 0.000000000000000000e+00
1.327666667000000018e+02 0.000000000000000000e+00
9.456666667000000359e+01 0.000000000000000000e+00
3.639999999999999858e+01 1.000000000000000000e+00
2.486666667000000075e+01 1.000000000000000000e+00
7.446666666999999507e+01 1.000000000000000000e+00
8.263333332999999925e+01 0.000000000000000000e+00
3.676666666999999933e+01 1.000000000000000000e+00
8.996666666999999507e+01 0.000000000000000000e+00
8.690000000000000568e+01 0.000000000000000000e+00
9.056666667000000359e+01 0.000000000000000000e+00
1.019666667000000047e+02 0.000000000000000000e+00
1.257999999999999972e+02 0.000000000000000000e+00
8.113333332999999925e+01 1.000000000000000000e+00
3.663333332999999925e+01 1.000000000000000000e+00
7.179999999999999716e+01 1.000000000000000000e+00
1.309000000000000057e+02 0.000000000000000000e+00
7.370000000000000284e+01 0.000000000000000000e+00
6.746666666999999507e+01 0.000000000000000000e+00
7.150000000000000000e+01 0.000000000000000000e+00
1.012333332999999982e+02 0.000000000000000000e+00
1.304666666999999904e+02 0.000000000000000000e+00
6.070000000000000284e+01 0.000000000000000000e+00
4.579999999999999716e+01 1.000000000000000000e+00
2.380000000000000071e+01 0.000000000000000000e+00
1.152999999999999972e+02 0.000000000000000000e+00
6.170000000000000284e+01 0.000000000000000000e+00
1.215333332999999953e+02 0.000000000000000000e+00
1.170333332999999953e+02 0.000000000000000000e+00
1.340000000000000036e+01 0.000000000000000000e+00
1.144666667000000047e+02 0.000000000000000000e+00
6.189999999999999858e+01 0.000000000000000000e+00
1.109666667000000047e+02 0.000000000000000000e+00
2.121999999999999886e+02 0.000000000000000000e+00
2.500000000000000000e+00 0.000000000000000000e+00
8.083333333000000209e+01 0.000000000000000000e+00
6.586666667000000075e+01 0.000000000000000000e+00
1.396333333000000039e+02 1.000000000000000000e+00
1.098333333000000067e+02 1.000000000000000000e+00
1.939666666999999904e+02 0.000000000000000000e+00
4.853333332999999783e+01 1.000000000000000000e+00
1.638666666999999961e+02 0.000000000000000000e+00
1.431333333000000039e+02 1.000000000000000000e+00
1.240999999999999943e+02 0.000000000000000000e+00
1.991333333000000039e+02 0.000000000000000000e+00
1.473666666999999961e+02 1.000000000000000000e+00
1.135666666999999990e+02 0.000000000000000000e+00
1.742666667000000018e+02 0.000000000000000000e+00
4.860000000000000142e+01 1.000000000000000000e+00
7.933333333000000209e+01 1.000000000000000000e+00
4.116666666999999791e+01 1.000000000000000000e+00
1.323333332999999925e+02 1.000000000000000000e+00
5.196666667000000217e+01 1.000000000000000000e+00
6.806666667000000359e+01 1.000000000000000000e+00
8.573333332999999357e+01 1.000000000000000000e+00
1.111666666999999933e+02 1.000000000000000000e+00
9.783333333000000209e+01 1.000000000000000000e+00
1.617666667000000018e+02 0.000000000000000000e+00
1.814666666999999904e+02 0.000000000000000000e+00
5.950000000000000000e+01 1.000000000000000000e+00
2.721999999999999886e+02 0.000000000000000000e+00
1.498666666999999961e+02 0.000000000000000000e+00
1.631999999999999886e+02 1.000000000000000000e+00
1.197999999999999972e+02 0.000000000000000000e+00
1.285666667000000132e+02 0.000000000000000000e+00
3.100000000000000000e+01 1.000000000000000000e+00
6.540000000000000568e+01 0.000000000000000000e+00
1.100999999999999943e+02 0.000000000000000000e+00
9.276666667000000643e+01 1.000000000000000000e+00
7.936666667000000075e+01 1.000000000000000000e+00
7.866666666999999613e+00 1.000000000000000000e+00
1.553333332999999961e+01 1.000000000000000000e+00
6.263333332999999925e+01 0.000000000000000000e+00
1.182000000000000028e+02 0.000000000000000000e+00
1.157000000000000028e+02 1.000000000000000000e+00
7.723333332999999357e+01 1.000000000000000000e+00
9.126666667000000643e+01 0.000000000000000000e+00
1.197333332999999982e+02 0.000000000000000000e+00
1.257999999999999972e+02 0.000000000000000000e+00
7.246666666999999507e+01 1.000000000000000000e+00
1.194666667000000047e+02 1.000000000000000000e+00
3.466666666999999791e+01 1.000000000000000000e+00
4.423333333000000067e+01 0.000000000000000000e+00
1.070999999999999943e+02 1.000000000000000000e+00
1.132000000000000028e+02 1.000000000000000000e+00
8.936666667000000075e+01 1.000000000000000000e+00
1.232666667000000018e+02 0.000000000000000000e+00
1.110000000000000000e+02 0.000000000000000000e+00
2.966666667000000146e+01 1.000000000000000000e+00
1.219666667000000047e+02 0.000000000000000000e+00
1.145999999999999943e+02 0.000000000000000000e+00
2.746666666999999862e+01 1.000000000000000000e+00
8.783333333000000209e+01 0.000000000000000000e+00
6.396666667000000217e+01 1.000000000000000000e+00
9.870000000000000284e+01 1.000000000000000000e+00
1.045333332999999953e+02 0.000000000000000000e+00
4.879999999999999716e+01 0.000000000000000000e+00
1.193333333000000067e+02 0.000000000000000000e+00
3.476666666999999933e+01 0.000000000000000000e+00
2.903333333000000138e+01 1.000000000000000000e+00
1.019000000000000057e+02 0.000000000000000000e+00
9.423333332999999357e+01 0.000000000000000000e+00
3.356666666999999649e+01 0.000000000000000000e+00
1.110666666999999990e+02 0.000000000000000000e+00
6.403333333000000493e+01 0.000000000000000000e+00
3.553333332999999783e+01 1.000000000000000000e+00
7.666666669999999684e-01 0.000000000000000000e+00
8.679999999999999716e+01 0.000000000000000000e+00
4.743333333000000351e+01 1.000000000000000000e+00
5.650000000000000000e+01 0.000000000000000000e+00
3.263333332999999925e+01 1.000000000000000000e+00
8.066666666999999791e+01 0.000000000000000000e+00
1.037666667000000018e+02 1.000000000000000000e+00
7.540000000000000568e+01 0.000000000000000000e+00
6.133333333000000209e+01 0.000000000000000000e+00
1.025666666999999990e+02 0.000000000000000000e+00
8.420000000000000284e+01 1.000000000000000000e+00
1.973333333000000067e+01 1.000000000000000000e+00
9.329999999999999716e+01 0.000000000000000000e+00
1.516666666999999968e+01 1.000000000000000000e+00
6.143333333000000351e+01 0.000000000000000000e+00
2.553333333000000138e+01 0.000000000000000000e+00
9.663333332999999925e+01 1.000000000000000000e+00
2.480000000000000071e+01 1.000000000000000000e+00
6.940000000000000568e+01 0.000000000000000000e+00
1.110666666999999990e+02 0.000000000000000000e+00
1.903333333000000138e+01 1.000000000000000000e+00
3.043333332999999996e+01 0.000000000000000000e+00
9.726666667000000643e+01 0.000000000000000000e+00
2.333333332999999854e+01 1.000000000000000000e+00
1.893333332999999996e+01 1.000000000000000000e+00
6.979999999999999716e+01 1.000000000000000000e+00
5.536666667000000075e+01 0.000000000000000000e+00
1.106666667000000004e+01 1.000000000000000000e+00
2.433333332999999854e+01 1.000000000000000000e+00
1.124000000000000057e+02 1.000000000000000000e+00
1.520666667000000132e+02 1.000000000000000000e+00
1.660000000000000142e+01 1.000000000000000000e+00
1.443333332999999996e+01 1.000000000000000000e+00
1.233333333000000032e+00 0.000000000000000000e+00
4.236666667000000075e+01 1.000000000000000000e+00
9.366666666999999791e+01 1.000000000000000000e+00
1.494000000000000057e+02 0.000000000000000000e+00
4.310000000000000142e+01 1.000000000000000000e+00
3.096666666999999862e+01 1.000000000000000000e+00
1.758000000000000114e+02 0.000000000000000000e+00
1.361666667000000075e+02 0.000000000000000000e+00
1.446999999999999886e+02 1.000000000000000000e+00
6.386666667000000075e+01 1.000000000000000000e+00
5.970000000000000284e+01 1.000000000000000000e+00
2.684333333000000152e+02 1.000000000000000000e+00
4.789999999999999858e+01 1.000000000000000000e+00
2.209000000000000057e+02 1.000000000000000000e+00
2.854333333000000152e+02 0.000000000000000000e+00
2.806999999999999886e+02 0.000000000000000000e+00
1.634000000000000057e+02 0.000000000000000000e+00
6.493333332999999641e+01 1.000000000000000000e+00
2.191666667000000075e+02 1.000000000000000000e+00
8.909999999999999432e+01 1.000000000000000000e+00
8.909999999999999432e+01 1.000000000000000000e+00
1.285333333000000096e+02 0.000000000000000000e+00
1.936999999999999886e+02 0.000000000000000000e+00
2.791000000000000227e+02 0.000000000000000000e+00
1.910000000000000142e+01 1.000000000000000000e+00
2.740333332999999811e+02 0.000000000000000000e+00
4.516666666999999791e+01 1.000000000000000000e+00
5.296666667000000217e+01 1.000000000000000000e+00
4.476666666999999933e+01 1.000000000000000000e+00
7.370000000000000284e+01 1.000000000000000000e+00
1.772666667000000018e+02 0.000000000000000000e+00
1.637333332999999982e+02 0.000000000000000000e+00
1.332333332999999982e+02 1.000000000000000000e+00
2.014666666999999904e+02 0.000000000000000000e+00
2.344333332999999868e+02 1.000000000000000000e+00
2.782666666999999734e+02 0.000000000000000000e+00
2.516333333000000039e+02 0.000000000000000000e+00
1.080666666999999990e+02 1.000000000000000000e+00
2.369333332999999868e+02 0.000000000000000000e+00
5.139999999999999858e+01 1.000000000000000000e+00
1.337333332999999982e+02 0.000000000000000000e+00
2.745000000000000000e+02 0.000000000000000000e+00
2.489999999999999858e+01 1.000000000000000000e+00
2.756333333000000039e+02 0.000000000000000000e+00
1.689666666999999904e+02 1.000000000000000000e+00
2.343333332999999925e+02 1.000000000000000000e+00
9.776666667000000643e+01 1.000000000000000000e+00
1.454333332999999868e+02 1.000000000000000000e+00
8.193333332999999641e+01 1.000000000000000000e+00
2.743999999999999773e+02 0.000000000000000000e+00
2.035333333000000096e+02 1.000000000000000000e+00
3.500000000000000000e+01 1.000000000000000000e+00
1.180333332999999953e+02 1.000000000000000000e+00
2.756000000000000227e+02 0.000000000000000000e+00
2.701333333000000039e+02 1.000000000000000000e+00
2.278666666999999961e+02 1.000000000000000000e+00
2.713333332999999925e+02 0.000000000000000000e+00
1.600000000000000000e+02 0.000000000000000000e+00
2.743666666999999961e+02 0.000000000000000000e+00
4.483333333000000209e+01 1.000000000000000000e+00
1.507333332999999982e+02 1.000000000000000000e+00
1.316666667000000075e+02 1.000000000000000000e+00
1.812333332999999982e+02 1.000000000000000000e+00
2.752333333000000266e+02 0.000000000000000000e+00
4.043333333000000351e+01 1.000000000000000000e+00
6.826666667000000643e+01 1.000000000000000000e+00
1.169333333000000010e+02 0.000000000000000000e+00
2.719333333000000152e+02 0.000000000000000000e+00
1.107666667000000018e+02 1.000000000000000000e+00
2.672333333000000266e+02 0.000000000000000000e+00
2.721000000000000227e+02 0.000000000000000000e+00
8.770000000000000284e+01 1.000000000000000000e+00
2.529666666999999904e+02 0.000000000000000000e+00
2.712666666999999734e+02 0.000000000000000000e+00
8.586666667000000075e+01 1.000000000000000000e+00
2.310333333000000096e+02 1.000000000000000000e+00
2.575666666999999848e+02 0.000000000000000000e+00
2.705666666999999848e+02 0.000000000000000000e+00
2.546333333000000039e+02 0.000000000000000000e+00
1.360666667000000132e+02 1.000000000000000000e+00
2.698999999999999773e+02 0.000000000000000000e+00
2.356666667000000075e+02 0.000000000000000000e+00
2.597666666999999734e+02 0.000000000000000000e+00
1.538333332999999925e+02 1.000000000000000000e+00
5.503333332999999783e+01 1.000000000000000000e+00
2.703000000000000114e+02 0.000000000000000000e+00
2.690000000000000000e+02 0.000000000000000000e+00
1.973333333000000067e+01 1.000000000000000000e+00
2.315333333000000096e+02 1.000000000000000000e+00
1.467333332999999982e+02 0.000000000000000000e+00
2.647666666999999734e+02 0.000000000000000000e+00
1.496999999999999886e+02 1.000000000000000000e+00
3.953333332999999783e+01 1.000000000000000000e+00
2.277333332999999982e+02 1.000000000000000000e+00
4.320000000000000284e+01 1.000000000000000000e+00
9.433333333000000209e+00 1.000000000000000000e+00
1.590000000000000000e+02 1.000000000000000000e+00
2.696333333000000039e+02 0.000000000000000000e+00
2.704333333000000152e+02 0.000000000000000000e+00
2.506666667000000075e+02 0.000000000000000000e+00
1.415666667000000132e+02 1.000000000000000000e+00
2.583333332999999925e+02 0.000000000000000000e+00
2.693333332999999925e+02 0.000000000000000000e+00
1.965666667000000132e+02 1.000000000000000000e+00
2.373666666999999961e+02 1.000000000000000000e+00
2.066666667000000146e+01 1.000000000000000000e+00
2.183000000000000114e+02 1.000000000000000000e+00
1.255999999999999943e+02 1.000000000000000000e+00
2.673999999999999773e+02 0.000000000000000000e+00
2.669333333000000152e+02 0.000000000000000000e+00
3.193333332999999996e+01 1.000000000000000000e+00
2.400333333000000096e+02 1.000000000000000000e+00
1.440000000000000036e+01 1.000000000000000000e+00
1.409999999999999964e+01 1.000000000000000000e+00
2.636999999999999886e+02 1.000000000000000000e+00
2.628666666999999961e+02 1.000000000000000000e+00
2.280999999999999943e+02 1.000000000000000000e+00
1.084333333000000010e+02 0.000000000000000000e+00
1.619333332999999868e+02 1.000000000000000000e+00
1.012666667000000018e+02 1.000000000000000000e+00
2.719999999999999929e+01 1.000000000000000000e+00
1.120000000000000000e+02 0.000000000000000000e+00
2.633666666999999961e+02 0.000000000000000000e+00
1.890999999999999943e+02 1.000000000000000000e+00
3.013333332999999925e+01 1.000000000000000000e+00
5.500000000000000000e+00 1.000000000000000000e+00
2.621333333000000039e+02 0.000000000000000000e+00
2.221999999999999886e+02 1.000000000000000000e+00
2.278333332999999925e+02 1.000000000000000000e+00
9.599999999999999645e+00 1.000000000000000000e+00
2.650000000000000000e+02 0.000000000000000000e+00
1.729000000000000057e+02 1.000000000000000000e+00
2.528666666999999961e+02 1.000000000000000000e+00
2.642333333000000266e+02 0.000000000000000000e+00
1.105999999999999943e+02 1.000000000000000000e+00
1.808333332999999925e+02 1.000000000000000000e+00
2.611999999999999886e+02 0.000000000000000000e+00
2.600000000000000000e+02 0.000000000000000000e+00
1.870333333000000096e+02 0.000000000000000000e+00
2.545000000000000000e+02 0.000000000000000000e+00
1.912333332999999982e+02 0.000000000000000000e+00
2.620000000000000000e+02 0.000000000000000000e+00
2.632333333000000266e+02 0.000000000000000000e+00
1.405666667000000132e+02 1.000000000000000000e+00
2.530666667000000132e+02 0.000000000000000000e+00
1.569999999999999929e+01 1.000000000000000000e+00
1.149000000000000057e+02 1.000000000000000000e+00
1.495999999999999943e+02 0.000000000000000000e+00
2.383666666999999961e+02 0.000000000000000000e+00
2.626333333000000039e+02 0.000000000000000000e+00
2.588666666999999961e+02 0.000000000000000000e+00
2.175666667000000132e+02 1.000000000000000000e+00
2.560000000000000000e+02 0.000000000000000000e+00
2.611999999999999886e+02 0.000000000000000000e+00
4.256666666999999649e+01 1.000000000000000000e+00
3.563333332999999925e+01 1.000000000000000000e+00
2.501333333000000039e+02 0.000000000000000000e+00
7.040000000000000568e+01 1.000000000000000000e+00
2.607333333000000266e+02 0.000000000000000000e+00
9.883333333000000209e+01 0.000000000000000000e+00
7.383333333000000209e+01 1.000000000000000000e+00
2.599666667000000189e+02 0.000000000000000000e+00
2.550999999999999943e+02 1.000000000000000000e+00
3.203333332999999783e+01 1.000000000000000000e+00
2.542666667000000018e+02 0.000000000000000000e+00
4.460000000000000142e+01 1.000000000000000000e+00
1.463666666999999961e+02 0.000000000000000000e+00
2.856666667000000004e+01 1.000000000000000000e+00
1.651666667000000075e+02 1.000000000000000000e+00
2.595333332999999811e+02 0.000000000000000000e+00
1.495999999999999943e+02 0.000000000000000000e+00
8.109999999999999432e+01 1.000000000000000000e+00
2.109666666999999904e+02 1.000000000000000000e+00
2.565000000000000000e+02 0.000000000000000000e+00
1.523333332999999925e+02 1.000000000000000000e+00
2.583333332999999925e+02 0.000000000000000000e+00
2.873333333000000067e+01 1.000000000000000000e+00
7.536666667000000075e+01 1.000000000000000000e+00
2.523333332999999925e+02 0.000000000000000000e+00
1.007333332999999982e+02 0.000000000000000000e+00
1.313333332999999925e+02 1.000000000000000000e+00
2.577666666999999734e+02 0.000000000000000000e+00
1.674333332999999868e+02 0.000000000000000000e+00
2.279333332999999868e+02 0.000000000000000000e+00
2.212333332999999982e+02 0.000000000000000000e+00
1.369333332999999868e+02 0.000000000000000000e+00
2.196666667000000075e+02 1.000000000000000000e+00
1.781666667000000075e+02 1.000000000000000000e+00
1.455000000000000000e+02 0.000000000000000000e+00
2.487666667000000018e+02 0.000000000000000000e+00
2.393333332999999996e+01 1.000000000000000000e+00
2.520000000000000000e+02 0.000000000000000000e+00
2.361333333000000039e+02 0.000000000000000000e+00
9.970000000000000284e+01 0.000000000000000000e+00
5.583333333000000209e+01 1.000000000000000000e+00
1.239000000000000057e+02 0.000000000000000000e+00
5.120000000000000284e+01 1.000000000000000000e+00
6.546666666999999507e+01 1.000000000000000000e+00
2.266666667000000146e+01 1.000000000000000000e+00
4.153333332999999783e+01 1.000000000000000000e+00
3.293333333000000351e+01 1.000000000000000000e+00
2.177666667000000018e+02 0.000000000000000000e+00
1.585333333000000096e+02 1.000000000000000000e+00
2.360666667000000132e+02 0.000000000000000000e+00
2.425666667000000132e+02 0.000000000000000000e+00
2.470000000000000000e+02 0.000000000000000000e+00
2.487666667000000018e+02 0.000000000000000000e+00
2.439000000000000057e+02 0.000000000000000000e+00
1.911333333000000039e+02 1.000000000000000000e+00
3.796666667000000217e+01 1.000000000000000000e+00
1.487666667000000018e+02 1.000000000000000000e+00
2.412666667000000018e+02 0.000000000000000000e+00
2.278000000000000114e+02 1.000000000000000000e+00
2.418666666999999961e+02 0.000000000000000000e+00
1.090000000000000000e+02 0.000000000000000000e+00
3.803333332999999783e+01 1.000000000000000000e+00
2.676666666999999933e+01 1.000000000000000000e+00
6.820000000000000284e+01 1.000000000000000000e+00
1.086666667000000075e+01 1.000000000000000000e+00
2.415999999999999943e+02 0.000000000000000000e+00
1.794333332999999868e+02 0.000000000000000000e+00
2.412666667000000018e+02 0.000000000000000000e+00
8.753333333000000493e+01 1.000000000000000000e+00
1.138333333000000067e+02 1.000000000000000000e+00
2.366333333000000039e+02 0.000000000000000000e+00
1.362333332999999982e+02 0.000000000000000000e+00
2.319999999999999929e+01 1.000000000000000000e+00
5.563333332999999925e+01 1.000000000000000000e+00
2.285999999999999943e+02 1.000000000000000000e+00
2.406999999999999886e+02 0.000000000000000000e+00
2.437666667000000018e+02 0.000000000000000000e+00
2.267333332999999982e+02 0.000000000000000000e+00
5.003333332999999783e+01 1.000000000000000000e+00
1.383333332999999925e+02 0.000000000000000000e+00
2.288000000000000114e+02 0.000000000000000000e+00
1.034666667000000047e+02 0.000000000000000000e+00
2.435000000000000000e+02 0.000000000000000000e+00
2.197666667000000018e+02 1.000000000000000000e+00
2.543333332999999996e+01 1.000000000000000000e+00
5.076666666999999933e+01 1.000000000000000000e+00
1.087666667000000018e+02 0.000000000000000000e+00
1.887333332999999982e+02 0.000000000000000000e+00
2.404666666999999904e+02 0.000000000000000000e+00
1.198666666999999961e+02 1.000000000000000000e+00
3.283333333000000209e+01 1.000000000000000000e+00
2.414000000000000057e+02 0.000000000000000000e+00
2.342333332999999982e+02 0.000000000000000000e+00
2.341333333000000039e+02 1.000000000000000000e+00
3.879999999999999716e+01 1.000000000000000000e+00
6.253333332999999783e+01 1.000000000000000000e+00
1.590666667000000132e+02 1.000000000000000000e+00
2.316666667000000075e+02 0.000000000000000000e+00
2.371333333000000039e+02 0.000000000000000000e+00
2.746666666999999862e+01 1.000000000000000000e+00
1.024000000000000057e+02 1.000000000000000000e+00
1.181333333000000039e+02 1.000000000000000000e+00
1.550000000000000000e+01 1.000000000000000000e+00
2.393000000000000114e+02 0.000000000000000000e+00
2.293333332999999925e+02 0.000000000000000000e+00
2.408333332999999925e+02 0.000000000000000000e+00
5.960000000000000142e+01 1.000000000000000000e+00
2.366999999999999886e+02 0.000000000000000000e+00
8.606666667000000359e+01 1.000000000000000000e+00
1.136666666999999933e+02 0.000000000000000000e+00
1.129666667000000047e+02 1.000000000000000000e+00
8.623333332999999357e+01 1.000000000000000000e+00
2.327333332999999982e+02 1.000000000000000000e+00
2.345333333000000096e+02 1.000000000000000000e+00
3.803333332999999783e+01 1.000000000000000000e+00
2.360333333000000096e+02 0.000000000000000000e+00
2.486666667000000075e+01 1.000000000000000000e+00
2.293666666999999961e+02 1.000000000000000000e+00
2.146999999999999886e+02 0.000000000000000000e+00
1.106333333000000039e+02 0.000000000000000000e+00
2.354000000000000057e+02 0.000000000000000000e+00
2.304666666999999904e+02 0.000000000000000000e+00
3.879999999999999716e+01 1.000000000000000000e+00
2.287666667000000018e+02 1.000000000000000000e+00
2.220999999999999943e+02 0.000000000000000000e+00
2.280000000000000000e+02 0.000000000000000000e+00
7.533333333000000209e+01 1.000000000000000000e+00
9.273333332999999357e+01 1.000000000000000000e+00
2.245666667000000132e+02 0.000000000000000000e+00
2.283333332999999925e+02 0.000000000000000000e+00
1.264666667000000047e+02 1.000000000000000000e+00
1.344666666999999904e+02 1.000000000000000000e+00
2.872333333000000266e+02 0.000000000000000000e+00
2.260666667000000132e+02 0.000000000000000000e+00
7.229999999999999716e+01 0.000000000000000000e+00
2.255000000000000000e+02 0.000000000000000000e+00
9.923333332999999357e+01 0.000000000000000000e+00
1.999666666999999904e+02 0.000000000000000000e+00
2.255000000000000000e+02 0.000000000000000000e+00
1.728000000000000114e+02 1.000000000000000000e+00
1.864333332999999868e+02 0.000000000000000000e+00
1.008666666999999961e+02 1.000000000000000000e+00
2.806666667000000004e+01 1.000000000000000000e+00
4.966666666999999791e+01 1.000000000000000000e+00
1.065666666999999990e+02 1.000000000000000000e+00
2.568666666999999961e+02 1.000000000000000000e+00
1.883666666999999961e+02 0.000000000000000000e+00
4.473333333000000067e+01 1.000000000000000000e+00
1.169999999999999929e+01 1.000000000000000000e+00
1.931666667000000075e+02 0.000000000000000000e+00
2.773666666999999961e+02 1.000000000000000000e+00
1.130000000000000071e+01 1.000000000000000000e+00
1.393000000000000114e+02 1.000000000000000000e+00
1.056666666999999933e+02 1.000000000000000000e+00
1.240999999999999943e+02 0.000000000000000000e+00
1.519999999999999929e+01 1.000000000000000000e+00
2.980333332999999811e+02 1.000000000000000000e+00
1.720000000000000000e+02 1.000000000000000000e+00
3.510000000000000000e+02 1.000000000000000000e+00
2.813666666999999961e+02 1.000000000000000000e+00
1.763666666999999961e+02 0.000000000000000000e+00
6.779999999999999716e+01 1.000000000000000000e+00
2.170999999999999943e+02 1.000000000000000000e+00
1.748000000000000114e+02 1.000000000000000000e+00
2.581666667000000075e+02 1.000000000000000000e+00
1.654000000000000057e+02 1.000000000000000000e+00
1.145000000000000000e+02 1.000000000000000000e+00
1.478333332999999925e+02 1.000000000000000000e+00
2.176333333000000039e+02 1.000000000000000000e+00
1.563333332999999925e+01 1.000000000000000000e+00
6.303333332999999783e+01 1.000000000000000000e+00
4.956666666999999649e+01 1.000000000000000000e+00
1.846999999999999886e+02 1.000000000000000000e+00
1.603333332999999925e+02 1.000000000000000000e+00
3.551999999999999886e+02 1.000000000000000000e+00
3.303666666999999961e+02 0.000000000000000000e+00
8.450000000000000000e+01 1.000000000000000000e+00
5.523333333000000067e+01 1.000000000000000000e+00
6.550000000000000000e+01 1.000000000000000000e+00
1.155999999999999943e+02 1.000000000000000000e+00
3.636666667000000075e+01 1.000000000000000000e+00
2.535333333000000096e+02 1.000000000000000000e+00
3.357333333000000266e+02 1.000000000000000000e+00
2.036999999999999886e+02 1.000000000000000000e+00
1.001666666999999933e+02 1.000000000000000000e+00
1.784000000000000057e+02 0.000000000000000000e+00
1.631999999999999886e+02 1.000000000000000000e+00
3.389999999999999858e+01 1.000000000000000000e+00
9.870000000000000284e+01 1.000000000000000000e+00
5.993333333000000351e+01 1.000000000000000000e+00
1.321999999999999886e+02 1.000000000000000000e+00
2.441999999999999886e+02 1.000000000000000000e+00
2.600333332999999811e+02 1.000000000000000000e+00
3.410000000000000142e+01 0.000000000000000000e+00
1.748333332999999925e+02 0.000000000000000000e+00
9.683333333000000209e+01 1.000000000000000000e+00
3.356000000000000227e+02 1.000000000000000000e+00
2.191666667000000075e+02 1.000000000000000000e+00
1.890333333000000096e+02 0.000000000000000000e+00
8.903333333000000493e+01 1.000000000000000000e+00
2.346999999999999886e+02 1.000000000000000000e+00
2.655666666999999848e+02 1.000000000000000000e+00
3.006999999999999886e+02 1.000000000000000000e+00
1.779000000000000057e+02 0.000000000000000000e+00
1.713333332999999925e+01 1.000000000000000000e+00
1.964666666999999904e+02 1.000000000000000000e+00
1.266333333000000039e+02 1.000000000000000000e+00
8.723333332999999357e+01 1.000000000000000000e+00
1.992666667000000018e+02 1.000000000000000000e+00
1.682666667000000018e+02 1.000000000000000000e+00
2.355666667000000132e+02 1.000000000000000000e+00
3.079333333000000152e+02 0.000000000000000000e+00
2.079666666999999904e+02 1.000000000000000000e+00
1.735999999999999943e+02 1.000000000000000000e+00
3.370000000000000284e+01 1.000000000000000000e+00
2.327666667000000018e+02 1.000000000000000000e+00
1.985999999999999943e+02 1.000000000000000000e+00
2.261999999999999886e+02 1.000000000000000000e+00
3.106666667000000004e+01 1.000000000000000000e+00
6.813333332999999925e+01 1.000000000000000000e+00
1.285333333000000096e+02 1.000000000000000000e+00
1.536666667000000075e+01 1.000000000000000000e+00
1.140333332999999953e+02 1.000000000000000000e+00
1.186666667000000075e+01 1.000000000000000000e+00
2.672666666999999734e+02 0.000000000000000000e+00
1.194666667000000047e+02 1.000000000000000000e+00
4.256666666999999649e+01 1.000000000000000000e+00
2.911666667000000075e+02 0.000000000000000000e+00
6.146666667000000217e+01 1.000000000000000000e+00
1.643333332999999925e+02 1.000000000000000000e+00
1.395999999999999943e+02 1.000000000000000000e+00
8.336666667000000075e+01 1.000000000000000000e+00
2.065666667000000132e+02 1.000000000000000000e+00
2.415999999999999943e+02 1.000000000000000000e+00
1.669999999999999929e+01 1.000000000000000000e+00
3.076333333000000039e+02 0.000000000000000000e+00
2.647666666999999734e+02 1.000000000000000000e+00
1.709000000000000057e+02 1.000000000000000000e+00
1.480999999999999943e+02 1.000000000000000000e+00
2.968666666999999961e+02 0.000000000000000000e+00
5.229999999999999716e+01 1.000000000000000000e+00
1.264666667000000047e+02 1.000000000000000000e+00
3.228333332999999925e+02 0.000000000000000000e+00
2.798000000000000114e+02 0.000000000000000000e+00
2.104333332999999868e+02 1.000000000000000000e+00
1.973333332999999925e+02 1.000000000000000000e+00
4.116666666999999791e+01 1.000000000000000000e+00
1.402333332999999982e+02 0.000000000000000000e+00
1.193666666999999961e+02 1.000000000000000000e+00
1.911666667000000075e+02 0.000000000000000000e+00
5.626666666999999933e+01 1.000000000000000000e+00
1.227999999999999972e+02 1.000000000000000000e+00
2.392333332999999982e+02 0.000000000000000000e+00
1.217333332999999982e+02 0.000000000000000000e+00
9.013333332999999925e+01 1.000000000000000000e+00
2.673999999999999773e+02 0.000000000000000000e+00
2.718666666999999961e+02 0.000000000000000000e+00
2.828333332999999925e+02 1.000000000000000000e+00
2.920333332999999811e+02 1.000000000000000000e+00
1.430000000000000000e+02 1.000000000000000000e+00
1.866333333000000039e+02 1.000000000000000000e+00
9.583333333000000209e+01 1.000000000000000000e+00
3.181999999999999886e+02 0.000000000000000000e+00
1.095999999999999943e+02 1.000000000000000000e+00
1.190000000000000000e+02 1.000000000000000000e+00
2.005999999999999943e+02 0.000000000000000000e+00
1.485666667000000132e+02 1.000000000000000000e+00
2.856999999999999886e+02 1.000000000000000000e+00
4.146666667000000217e+01 1.000000000000000000e+00
9.000000000000000000e+01 1.000000000000000000e+00
1.685333333000000096e+02 1.000000000000000000e+00
1.683333332999999854e+01 1.000000000000000000e+00
3.030000000000000071e+01 1.000000000000000000e+00
4.813333332999999925e+01 1.000000000000000000e+00
6.429999999999999716e+01 1.000000000000000000e+00
9.900000000000000000e+01 1.000000000000000000e+00
3.986666667000000075e+01 1.000000000000000000e+00
2.342333332999999982e+02 0.000000000000000000e+00
2.393333332999999925e+02 0.000000000000000000e+00
2.601999999999999886e+02 0.000000000000000000e+00
1.115666666999999990e+02 1.000000000000000000e+00
2.953333332999999925e+02 1.000000000000000000e+00
1.194666667000000047e+02 1.000000000000000000e+00
6.779999999999999716e+01 1.000000000000000000e+00
3.470000000000000284e+01 1.000000000000000000e+00
2.209333332999999868e+02 1.000000000000000000e+00
8.700000000000000000e+01 1.000000000000000000e+00
8.106666667000000359e+01 1.000000000000000000e+00
2.630333332999999811e+02 0.000000000000000000e+00
2.926666667000000075e+02 1.000000000000000000e+00
2.518000000000000114e+02 1.000000000000000000e+00
1.395333333000000096e+02 1.000000000000000000e+00
4.329999999999999716e+01 1.000000000000000000e+00
4.843333333000000351e+01 1.000000000000000000e+00
7.409999999999999432e+01 1.000000000000000000e+00
8.529999999999999716e+01 1.000000000000000000e+00
2.825666666999999848e+02 1.000000000000000000e+00
1.072666667000000018e+02 1.000000000000000000e+00
1.983000000000000114e+02 0.000000000000000000e+00
2.130000000000000071e+01 1.000000000000000000e+00
2.552666667000000018e+02 0.000000000000000000e+00
1.180000000000000000e+02 1.000000000000000000e+00
1.706666667000000075e+02 1.000000000000000000e+00
1.275333332999999953e+02 0.000000000000000000e+00
3.008666666999999961e+02 0.000000000000000000e+00
6.400000000000000000e+01 1.000000000000000000e+00
2.130999999999999943e+02 1.000000000000000000e+00
5.566666666999999791e+01 1.000000000000000000e+00
2.211999999999999886e+02 0.000000000000000000e+00
2.279000000000000057e+02 1.000000000000000000e+00
1.467666667000000018e+02 0.000000000000000000e+00
5.766666666999999791e+01 0.000000000000000000e+00
3.146666666999999862e+01 1.000000000000000000e+00
2.495333333000000096e+02 1.000000000000000000e+00
8.366666666999999791e+01 1.000000000000000000e+00
3.523333333000000067e+01 1.000000000000000000e+00
7.613333332999999925e+01 1.000000000000000000e+00
4.289999999999999858e+01 1.000000000000000000e+00
1.983333332999999925e+02 1.000000000000000000e+00
8.156666667000000359e+01 1.000000000000000000e+00
2.373333333000000067e+01 1.000000000000000000e+00
8.609999999999999432e+01 0.000000000000000000e+00
2.119666666999999904e+02 0.000000000000000000e+00
1.460666667000000132e+02 0.000000000000000000e+00
9.876666667000000643e+01 1.000000000000000000e+00
2.800000000000000000e+01 1.000000000000000000e+00
1.313000000000000114e+02 1.000000000000000000e+00
4.486666667000000075e+01 1.000000000000000000e+00
1.498666666999999961e+02 0.000000000000000000e+00
1.973333333000000067e+01 1.000000000000000000e+00
2.978000000000000114e+02 0.000000000000000000e+00
1.222000000000000028e+02 0.000000000000000000e+00
1.760666667000000132e+02 0.000000000000000000e+00
1.616666667000000075e+02 1.000000000000000000e+00
5.650000000000000000e+01 1.000000000000000000e+00
8.313333332999999925e+01 1.000000000000000000e+00
2.301666667000000075e+02 0.000000000000000000e+00
1.530000000000000000e+02 1.000000000000000000e+00
4.266666666999999791e+01 1.000000000000000000e+00
2.444333332999999868e+02 0.000000000000000000e+00
5.146666667000000217e+01 1.000000000000000000e+00
3.773333333000000067e+01 1.000000000000000000e+00
1.252666667000000018e+02 1.000000000000000000e+00
2.739999999999999858e+01 1.000000000000000000e+00
2.119333332999999868e+02 0.000000000000000000e+00
1.247999999999999972e+02 1.000000000000000000e+00
2.520999999999999943e+02 0.000000000000000000e+00
1.020999999999999943e+02 0.000000000000000000e+00
2.455000000000000000e+02 0.000000000000000000e+00
4.713333332999999925e+01 1.000000000000000000e+00
2.169999999999999929e+01 1.000000000000000000e+00
1.520666667000000132e+02 1.000000000000000000e+00
2.972333333000000266e+02 0.000000000000000000e+00
2.061333333000000039e+02 1.000000000000000000e+00
1.015666666999999990e+02 0.000000000000000000e+00
2.510666667000000132e+02 0.000000000000000000e+00
1.457333332999999982e+02 1.000000000000000000e+00
1.216666666999999933e+02 1.000000000000000000e+00
8.106666667000000359e+01 1.000000000000000000e+00
7.046666666999999507e+01 1.000000000000000000e+00
1.738333332999999925e+02 1.000000000000000000e+00
4.063333332999999925e+01 1.000000000000000000e+00
8.336666667000000075e+01 1.000000000000000000e+00
4.550000000000000000e+01 1.000000000000000000e+00
1.282666667000000018e+02 0.000000000000000000e+00
9.936666667000000075e+01 1.000000000000000000e+00
2.571666667000000075e+02 0.000000000000000000e+00
1.109333333000000010e+02 1.000000000000000000e+00
1.303666666999999961e+02 1.000000000000000000e+00
4.389999999999999858e+01 1.000000000000000000e+00
1.298000000000000114e+02 1.000000000000000000e+00
2.017666667000000018e+02 1.000000000000000000e+00
2.860666666999999848e+02 0.000000000000000000e+00
7.346666666999999507e+01 1.000000000000000000e+00
7.623333332999999357e+01 1.000000000000000000e+00
5.729999999999999716e+01 1.000000000000000000e+00
9.163333332999999925e+01 1.000000000000000000e+00
2.144333332999999868e+02 1.000000000000000000e+00
4.570000000000000284e+01 1.000000000000000000e+00
4.250000000000000000e+01 1.000000000000000000e+00
1.762666667000000018e+02 1.000000000000000000e+00
1.417333332999999982e+02 1.000000000000000000e+00
3.616666666999999791e+01 1.000000000000000000e+00
2.343333332999999996e+01 1.000000000000000000e+00
2.007666667000000018e+02 1.000000000000000000e+00
2.993999999999999773e+02 0.000000000000000000e+00
2.651333333000000039e+02 0.000000000000000000e+00
2.546666666999999862e+01 1.000000000000000000e+00
1.016333333000000039e+02 1.000000000000000000e+00
4.533333333000000209e+01 1.000000000000000000e+00
9.026666667000000643e+01 1.000000000000000000e+00
2.659333333000000152e+02 0.000000000000000000e+00
4.146666667000000217e+01 1.000000000000000000e+00
1.293333332999999925e+02 1.000000000000000000e+00
1.578000000000000114e+02 1.000000000000000000e+00
2.345999999999999943e+02 0.000000000000000000e+00
1.873000000000000114e+02 0.000000000000000000e+00
2.299000000000000057e+02 0.000000000000000000e+00
2.243000000000000114e+02 0.000000000000000000e+00
2.219000000000000057e+02 0.000000000000000000e+00
2.930000000000000071e+01 1.000000000000000000e+00
2.290666667000000132e+02 0.000000000000000000e+00
3.979999999999999716e+01 1.000000000000000000e+00
1.570999999999999943e+02 0.000000000000000000e+00
1.176666666999999933e+02 1.000000000000000000e+00
1.505999999999999943e+02 1.000000000000000000e+00
2.246666666999999862e+01 1.000000000000000000e+00
7.996666666999999507e+01 1.000000000000000000e+00
2.109666666999999904e+02 0.000000000000000000e+00
2.741999999999999886e+02 0.000000000000000000e+00
2.661000000000000227e+02 1.000000000000000000e+00
2.688999999999999773e+02 0.000000000000000000e+00
4.816666666999999791e+01 1.000000000000000000e+00
3.539999999999999858e+01 1.000000000000000000e+00
2.305000000000000000e+02 0.000000000000000000e+00
1.766999999999999886e+02 0.000000000000000000e+00
2.324000000000000057e+02 0.000000000000000000e+00
6.486666667000000075e+01 1.000000000000000000e+00
1.974333332999999868e+02 0.000000000000000000e+00
1.179000000000000057e+02 1.000000000000000000e+00
2.757333333000000266e+02 0.000000000000000000e+00
2.245999999999999943e+02 0.000000000000000000e+00
1.292333332999999982e+02 1.000000000000000000e+00
2.338666666999999961e+02 1.000000000000000000e+00
4.789999999999999858e+01 1.000000000000000000e+00
3.143333332999999996e+01 1.000000000000000000e+00
5.000000000000000000e+01 1.000000000000000000e+00
1.027666667000000018e+02 1.000000000000000000e+00
2.200333333000000096e+02 0.000000000000000000e+00
4.000000000000000000e+01 1.000000000000000000e+00
5.843333333000000351e+01 0.000000000000000000e+00
3.036666667000000075e+01 1.000000000000000000e+00
2.728999999999999773e+02 0.000000000000000000e+00
7.023333332999999357e+01 0.000000000000000000e+00
1.941999999999999886e+02 0.000000000000000000e+00
7.723333332999999357e+01 1.000000000000000000e+00
7.059999999999999432e+01 1.000000000000000000e+00
5.863333332999999925e+01 1.000000000000000000e+00
1.241333333000000039e+02 1.000000000000000000e+00
2.372666667000000018e+02 1.000000000000000000e+00
2.013333332999999925e+01 1.000000000000000000e+00
2.169666666999999904e+02 0.000000000000000000e+00
1.505999999999999943e+02 1.000000000000000000e+00
1.844000000000000057e+02 0.000000000000000000e+00
6.929999999999999716e+01 1.000000000000000000e+00
1.976666667000000075e+02 1.000000000000000000e+00
1.175666666999999990e+02 1.000000000000000000e+00
2.194666666999999904e+02 0.000000000000000000e+00
1.978333332999999925e+02 1.000000000000000000e+00
2.636000000000000227e+02 1.000000000000000000e+00
4.929999999999999716e+01 1.000000000000000000e+00
1.306999999999999886e+02 1.000000000000000000e+00
7.870000000000000284e+01 0.000000000000000000e+00
1.980999999999999943e+02 1.000000000000000000e+00
8.879999999999999716e+01 1.000000000000000000e+00
1.760999999999999943e+02 1.000000000000000000e+00
2.240999999999999943e+02 1.000000000000000000e+00
2.167333332999999982e+02 1.000000000000000000e+00
1.984333332999999868e+02 0.000000000000000000e+00
1.807666667000000018e+02 1.000000000000000000e+00
1.916666667000000146e+01 1.000000000000000000e+00
7.979999999999999716e+01 1.000000000000000000e+00
2.217666667000000018e+02 1.000000000000000000e+00
1.268666666999999961e+02 0.000000000000000000e+00
1.653666666999999961e+02 0.000000000000000000e+00
7.523333332999999357e+01 1.000000000000000000e+00
1.741333333000000039e+02 1.000000000000000000e+00
9.976666667000000643e+01 1.000000000000000000e+00
6.556666667000000359e+01 1.000000000000000000e+00
1.879333332999999868e+02 0.000000000000000000e+00
8.179999999999999716e+01 1.000000000000000000e+00
2.167333332999999982e+02 0.000000000000000000e+00
2.233000000000000114e+02 0.000000000000000000e+00
8.050000000000000000e+01 1.000000000000000000e+00
2.511999999999999886e+02 1.000000000000000000e+00
2.133666666999999961e+02 0.000000000000000000e+00
2.523000000000000114e+02 1.000000000000000000e+00
1.449333332999999868e+02 0.000000000000000000e+00
1.085999999999999943e+02 1.000000000000000000e+00
3.779999999999999716e+01 1.000000000000000000e+00
8.483333333000000209e+01 1.000000000000000000e+00
1.898666666999999961e+02 0.000000000000000000e+00
5.273333333000000067e+01 1.000000000000000000e+00
2.131999999999999886e+02 1.000000000000000000e+00
6.213333332999999925e+01 1.000000000000000000e+00
7.916666666999999791e+01 1.000000000000000000e+00
1.739333332999999868e+02 0.000000000000000000e+00
1.283666666999999961e+02 1.000000000000000000e+00
1.394333332999999868e+02 0.000000000000000000e+00
1.683000000000000114e+02 1.000000000000000000e+00
8.636666667000000075e+01 1.000000000000000000e+00
2.553000000000000114e+02 0.000000000000000000e+00
1.843333332999999925e+02 0.000000000000000000e+00
3.456666666999999649e+01 1.000000000000000000e+00
1.505999999999999943e+02 1.000000000000000000e+00
1.876999999999999886e+02 0.000000000000000000e+00
5.633333333000000209e+01 1.000000000000000000e+00
1.787333332999999982e+02 1.000000000000000000e+00
2.576333333000000039e+02 0.000000000000000000e+00
1.500999999999999943e+02 1.000000000000000000e+00
3.943333333000000351e+01 0.000000000000000000e+00
1.682666667000000018e+02 0.000000000000000000e+00
2.151666667000000075e+02 0.000000000000000000e+00
9.150000000000000000e+01 0.000000000000000000e+00
1.848000000000000114e+02 0.000000000000000000e+00
9.470000000000000284e+01 0.000000000000000000e+00
1.825000000000000000e+02 0.000000000000000000e+00
2.139000000000000057e+02 0.000000000000000000e+00
5.023333333000000067e+01 1.000000000000000000e+00
1.941666667000000075e+02 1.000000000000000000e+00
2.215999999999999943e+02 1.000000000000000000e+00
8.709999999999999432e+01 1.000000000000000000e+00
1.999333332999999868e+02 0.000000000000000000e+00
5.800000000000000000e+01 1.000000000000000000e+00
1.980999999999999943e+02 1.000000000000000000e+00
8.423333332999999357e+01 1.000000000000000000e+00
1.993666666999999961e+02 1.000000000000000000e+00
1.745666667000000132e+02 1.000000000000000000e+00
1.424333332999999868e+02 1.000000000000000000e+00
6.160000000000000142e+01 0.000000000000000000e+00
1.864000000000000057e+02 1.000000000000000000e+00
1.989999999999999858e+01 1.000000000000000000e+00
3.433333333000000209e+01 1.000000000000000000e+00
3.036666667000000075e+01 1.000000000000000000e+00
2.044333332999999868e+02 1.000000000000000000e+00
8.263333332999999925e+01 1.000000000000000000e+00
2.189999999999999858e+01 1.000000000000000000e+00
1.756333333000000039e+02 0.000000000000000000e+00
1.536666667000000075e+01 1.000000000000000000e+00
7.740000000000000568e+01 0.000000000000000000e+00
7.176666667000000643e+01 1.000000000000000000e+00
2.092666667000000018e+02 0.000000000000000000e+00
2.117333332999999982e+02 0.000000000000000000e+00
5.976666666999999933e+01 0.000000000000000000e+00
2.780000000000000071e+01 1.000000000000000000e+00
1.149000000000000057e+02 1.000000000000000000e+00
1.257000000000000028e+02 1.000000000000000000e+00
9.029999999999999716e+01 1.000000000000000000e+00
1.242000000000000028e+02 1.000000000000000000e+00
2.730000000000000071e+01 1.000000000000000000e+00
1.914666666999999904e+02 1.000000000000000000e+00
2.550000000000000000e+02 1.000000000000000000e+00
1.965333333000000096e+02 0.000000000000000000e+00
3.736666667000000075e+01 1.000000000000000000e+00
3.700000000000000000e+01 1.000000000000000000e+00
8.996666666999999507e+01 1.000000000000000000e+00
1.279333333000000010e+02 1.000000000000000000e+00
2.130333333000000096e+02 0.000000000000000000e+00
1.592333332999999982e+02 1.000000000000000000e+00
2.026666666999999933e+01 0.000000000000000000e+00
2.452333332999999982e+02 1.000000000000000000e+00
1.108333333000000067e+02 1.000000000000000000e+00
1.159333333000000010e+02 1.000000000000000000e+00
1.708333332999999925e+02 0.000000000000000000e+00
2.599333333000000152e+02 0.000000000000000000e+00
1.823333333000000067e+01 1.000000000000000000e+00
8.773333332999999357e+01 1.000000000000000000e+00
1.753333332999999925e+02 0.000000000000000000e+00
1.643333332999999925e+02 0.000000000000000000e+00
2.121999999999999886e+02 1.000000000000000000e+00
8.050000000000000000e+01 0.000000000000000000e+00
8.073333332999999357e+01 1.000000000000000000e+00
2.084000000000000057e+02 0.000000000000000000e+00
5.196666667000000217e+01 1.000000000000000000e+00
1.850000000000000000e+02 1.000000000000000000e+00
1.842666667000000018e+02 0.000000000000000000e+00
2.213333332999999925e+01 1.000000000000000000e+00
1.511999999999999886e+02 1.000000000000000000e+00
1.946999999999999886e+02 1.000000000000000000e+00
1.126333333000000039e+02 1.000000000000000000e+00
6.523333332999999357e+01 1.000000000000000000e+00
1.843333332999999925e+02 0.000000000000000000e+00
2.465999999999999943e+02 1.000000000000000000e+00
1.342666667000000018e+02 1.000000000000000000e+00
1.185333332999999953e+02 1.000000000000000000e+00
8.933333333000000209e+01 1.000000000000000000e+00
7.746666666999999507e+01 1.000000000000000000e+00
2.032666667000000018e+02 0.000000000000000000e+00
1.939999999999999858e+01 1.000000000000000000e+00
1.119666667000000047e+02 1.000000000000000000e+00
2.425666667000000132e+02 0.000000000000000000e+00
1.421666667000000075e+02 1.000000000000000000e+00
5.426666666999999933e+01 1.000000000000000000e+00
1.968666666999999961e+02 1.000000000000000000e+00
9.403333333000000493e+01 1.000000000000000000e+00
2.238333332999999925e+02 1.000000000000000000e+00
2.044000000000000057e+02 0.000000000000000000e+00
5.229999999999999716e+01 1.000000000000000000e+00
9.696666666999999507e+01 1.000000000000000000e+00
1.919333332999999868e+02 1.000000000000000000e+00
1.853000000000000114e+02 0.000000000000000000e+00
2.057333332999999982e+02 0.000000000000000000e+00
1.519000000000000057e+02 0.000000000000000000e+00
1.750999999999999943e+02 1.000000000000000000e+00
2.478333332999999925e+02 1.000000000000000000e+00
1.790999999999999943e+02 1.000000000000000000e+00
4.339999999999999858e+01 1.000000000000000000e+00
1.073666666999999961e+02 1.000000000000000000e+00
1.187000000000000028e+02 1.000000000000000000e+00
2.549666666999999904e+02 0.000000000000000000e+00
1.313000000000000114e+02 1.000000000000000000e+00
1.118333333000000067e+02 1.000000000000000000e+00
1.446666667000000075e+02 1.000000000000000000e+00
9.940000000000000568e+01 1.000000000000000000e+00
4.326666666999999933e+01 1.000000000000000000e+00
2.005999999999999943e+02 0.000000000000000000e+00
1.870333333000000096e+02 1.000000000000000000e+00
1.807333332999999982e+02 1.000000000000000000e+00
3.396666667000000217e+01 1.000000000000000000e+00
1.765000000000000000e+02 0.000000000000000000e+00
1.656666667000000004e+01 1.000000000000000000e+00
2.111999999999999886e+02 1.000000000000000000e+00
2.090333333000000096e+02 1.000000000000000000e+00
2.041999999999999886e+02 1.000000000000000000e+00
1.666666667000000075e+02 0.000000000000000000e+00
4.413333332999999925e+01 1.000000000000000000e+00
1.921333333000000039e+02 0.000000000000000000e+00
1.038333333000000067e+02 1.000000000000000000e+00
3.843333333000000351e+01 1.000000000000000000e+00
2.168666666999999961e+02 1.000000000000000000e+00
1.124666667000000047e+02 1.000000000000000000e+00
1.020666666999999990e+02 1.000000000000000000e+00
1.080666666999999990e+02 1.000000000000000000e+00
1.010666666999999990e+02 1.000000000000000000e+00
4.616666666999999791e+01 1.000000000000000000e+00
2.020999999999999943e+02 1.000000000000000000e+00
1.164666667000000047e+02 1.000000000000000000e+00
1.993000000000000114e+02 0.000000000000000000e+00
8.363333332999999925e+01 1.000000000000000000e+00
7.106666667000000359e+01 1.000000000000000000e+00
1.861333333000000039e+02 0.000000000000000000e+00
1.878333332999999925e+02 1.000000000000000000e+00
1.675000000000000000e+02 0.000000000000000000e+00
2.019333332999999868e+02 1.000000000000000000e+00
6.086666667000000075e+01 1.000000000000000000e+00
7.596666666999999507e+01 1.000000000000000000e+00
2.210666667000000132e+02 1.000000000000000000e+00
9.996666666999999507e+01 1.000000000000000000e+00
6.876666667000000643e+01 1.000000000000000000e+00
7.786666667000000075e+01 1.000000000000000000e+00
7.929999999999999716e+01 0.000000000000000000e+00
6.533333333000000209e+01 1.000000000000000000e+00
1.240000000000000000e+02 1.000000000000000000e+00
1.284000000000000057e+02 1.000000000000000000e+00
3.693333333000000351e+01 1.000000000000000000e+00
1.535333333000000096e+02 0.000000000000000000e+00
4.843333333000000351e+01 1.000000000000000000e+00
2.089666666999999904e+02 1.000000000000000000e+00
1.959333332999999868e+02 0.000000000000000000e+00
7.570000000000000284e+01 1.000000000000000000e+00
1.380000000000000071e+01 1.000000000000000000e+00
8.490000000000000568e+01 1.000000000000000000e+00
1.669999999999999929e+01 1.000000000000000000e+00
1.901666667000000075e+02 0.000000000000000000e+00
1.494333332999999868e+02 1.000000000000000000e+00
1.597333332999999982e+02 0.000000000000000000e+00
1.047666667000000018e+02 1.000000000000000000e+00
1.533000000000000114e+02 1.000000000000000000e+00
5.766666666999999791e+01 1.000000000000000000e+00
3.789999999999999858e+01 1.000000000000000000e+00
4.653333332999999783e+01 1.000000000000000000e+00
4.303333332999999783e+01 1.000000000000000000e+00
5.363333332999999925e+01 1.000000000000000000e+00
1.416666666999999968e+01 1.000000000000000000e+00
1.022999999999999972e+02 1.000000000000000000e+00
2.260666667000000132e+02 0.000000000000000000e+00
1.900999999999999943e+02 1.000000000000000000e+00
9.620000000000000284e+01 1.000000000000000000e+00
1.635333333000000096e+02 0.000000000000000000e+00
1.419999999999999929e+01 1.000000000000000000e+00
4.573333333000000067e+01 1.000000000000000000e+00
1.145333332999999953e+02 1.000000000000000000e+00
1.241333333000000039e+02 1.000000000000000000e+00
9.883333333000000209e+01 1.000000000000000000e+00
8.540000000000000568e+01 1.000000000000000000e+00
2.523333333000000067e+01 1.000000000000000000e+00
5.166666666999999791e+01 1.000000000000000000e+00
1.958666666999999961e+02 0.000000000000000000e+00
2.508333332999999925e+02 0.000000000000000000e+00
2.160333333000000096e+02 1.000000000000000000e+00
1.943000000000000114e+02 0.000000000000000000e+00
2.119000000000000057e+02 1.000000000000000000e+00
1.696666667000000075e+02 0.000000000000000000e+00
5.363333332999999925e+01 1.000000000000000000e+00
2.020999999999999943e+02 0.000000000000000000e+00
2.883333332999999854e+01 1.000000000000000000e+00
1.611333333000000039e+02 1.000000000000000000e+00
1.536666667000000075e+01 1.000000000000000000e+00
1.257666667000000018e+02 1.000000000000000000e+00
2.303333333000000138e+01 1.000000000000000000e+00
2.431666667000000075e+02 0.000000000000000000e+00
1.001333333000000039e+02 1.000000000000000000e+00
3.929999999999999716e+01 1.000000000000000000e+00
1.192999999999999972e+02 1.000000000000000000e+00
2.533333332999999854e+00 0.000000000000000000e+00
1.020000000000000000e+02 1.000000000000000000e+00
1.226666666999999933e+01 1.000000000000000000e+00
2.018333332999999925e+02 1.000000000000000000e+00
1.162333332999999982e+02 1.000000000000000000e+00
1.136666666999999933e+02 1.000000000000000000e+00
7.116666666999999791e+01 1.000000000000000000e+00
1.921999999999999886e+02 0.000000000000000000e+00
1.469333332999999868e+02 1.000000000000000000e+00
1.247666667000000018e+02 1.000000000000000000e+00
3.093333332999999996e+01 1.000000000000000000e+00
2.372666667000000018e+02 0.000000000000000000e+00
1.540000000000000000e+02 1.000000000000000000e+00
1.651666667000000075e+02 0.000000000000000000e+00
1.656666667000000075e+02 0.000000000000000000e+00
1.728666666999999961e+02 1.000000000000000000e+00
2.130000000000000000e+02 0.000000000000000000e+00
1.067999999999999972e+02 1.000000000000000000e+00
7.016666666999999791e+01 0.000000000000000000e+00
1.077666667000000018e+02 1.000000000000000000e+00
9.573333332999999357e+01 1.000000000000000000e+00
7.473333332999999357e+01 1.000000000000000000e+00
1.175999999999999943e+02 0.000000000000000000e+00
9.743333332999999641e+01 1.000000000000000000e+00
2.055999999999999943e+02 0.000000000000000000e+00
1.014000000000000057e+02 0.000000000000000000e+00
1.981333333000000039e+02 0.000000000000000000e+00
2.027666667000000018e+02 0.000000000000000000e+00
2.600000000000000000e+01 1.000000000000000000e+00
2.202333332999999982e+02 0.000000000000000000e+00
1.405999999999999943e+02 1.000000000000000000e+00
1.070666666999999990e+02 0.000000000000000000e+00
2.071666667000000075e+02 0.000000000000000000e+00
1.939000000000000057e+02 0.000000000000000000e+00
1.945666667000000132e+02 0.000000000000000000e+00
4.606666666999999649e+01 1.000000000000000000e+00
8.353333333000000493e+01 1.000000000000000000e+00
4.946666667000000217e+01 1.000000000000000000e+00
3.463333332999999925e+01 1.000000000000000000e+00
1.557333332999999982e+02 1.000000000000000000e+00
1.504666666999999904e+02 0.000000000000000000e+00
3.069999999999999929e+01 1.000000000000000000e+00
1.586666667000000075e+01 1.000000000000000000e+00
9.850000000000000000e+01 1.000000000000000000e+00
1.763666666999999961e+02 1.000000000000000000e+00
4.516666666999999791e+01 1.000000000000000000e+00
1.040000000000000000e+02 1.000000000000000000e+00
1.966333333000000039e+02 0.000000000000000000e+00
9.699999999999999289e+00 1.000000000000000000e+00
2.058000000000000114e+02 0.000000000000000000e+00
2.404333332999999868e+02 0.000000000000000000e+00
1.628333332999999925e+02 1.000000000000000000e+00
1.488666666999999961e+02 1.000000000000000000e+00
1.901999999999999886e+02 0.000000000000000000e+00
1.899000000000000057e+02 0.000000000000000000e+00
1.616666667000000146e+01 1.000000000000000000e+00
5.729999999999999716e+01 1.000000000000000000e+00
5.066666666999999791e+01 1.000000000000000000e+00
6.179999999999999716e+01 1.000000000000000000e+00
1.645666667000000132e+02 1.000000000000000000e+00
1.834333332999999868e+02 0.000000000000000000e+00
9.079999999999999716e+01 1.000000000000000000e+00
5.813333332999999925e+01 1.000000000000000000e+00
1.165333332999999953e+02 1.000000000000000000e+00
1.880000000000000071e+01 1.000000000000000000e+00
9.936666667000000075e+01 0.000000000000000000e+00
4.206666666999999649e+01 1.000000000000000000e+00
1.857666667000000018e+02 0.000000000000000000e+00
1.956666667000000004e+01 1.000000000000000000e+00
1.259000000000000057e+02 1.000000000000000000e+00
2.266999999999999886e+02 0.000000000000000000e+00
2.533333332999999854e+00 1.000000000000000000e+00
1.104666667000000047e+02 0.000000000000000000e+00
3.429999999999999716e+01 1.000000000000000000e+00
4.636666667000000075e+01 1.000000000000000000e+00
1.766666667000000146e+01 1.000000000000000000e+00
4.243333333000000351e+01 1.000000000000000000e+00
2.385000000000000000e+02 0.000000000000000000e+00
3.180000000000000071e+01 1.000000000000000000e+00
1.232999999999999972e+02 1.000000000000000000e+00
2.169666666999999904e+02 0.000000000000000000e+00
5.120000000000000284e+01 1.000000000000000000e+00
6.583333333000000209e+01 1.000000000000000000e+00
2.336666667000000075e+01 1.000000000000000000e+00
5.723333333000000067e+01 1.000000000000000000e+00
2.288000000000000114e+02 0.000000000000000000e+00
2.375000000000000000e+02 0.000000000000000000e+00
2.251666667000000075e+02 0.000000000000000000e+00
1.237333332999999982e+02 0.000000000000000000e+00
1.897333332999999982e+02 0.000000000000000000e+00
1.645999999999999943e+02 1.000000000000000000e+00
1.030999999999999943e+02 1.000000000000000000e+00
1.589666666999999904e+02 0.000000000000000000e+00
3.663333332999999925e+01 1.000000000000000000e+00
1.829000000000000057e+02 0.000000000000000000e+00
3.086666667000000075e+01 1.000000000000000000e+00
1.692333332999999982e+02 1.000000000000000000e+00
1.630000000000000071e+01 1.000000000000000000e+00
1.247999999999999972e+02 0.000000000000000000e+00
2.000000000000000000e+00 0.000000000000000000e+00
1.510666667000000132e+02 0.000000000000000000e+00
1.805666667000000132e+02 0.000000000000000000e+00
1.480000000000000071e+01 1.000000000000000000e+00
1.859333332999999868e+02 0.000000000000000000e+00
1.839666666999999904e+02 0.000000000000000000e+00
7.986666667000000075e+01 1.000000000000000000e+00
1.580333333000000096e+02 0.000000000000000000e+00
7.909999999999999432e+01 1.000000000000000000e+00
1.201333333000000039e+02 1.000000000000000000e+00
4.843333333000000351e+01 1.000000000000000000e+00
2.001333333000000039e+02 0.000000000000000000e+00
3.443333333000000351e+01 1.000000000000000000e+00
9.856666667000000359e+01 0.000000000000000000e+00
2.533333332999999854e+01 0.000000000000000000e+00
8.893333332999999641e+01 1.000000000000000000e+00
1.713000000000000114e+02 1.000000000000000000e+00
1.822333332999999982e+02 0.000000000000000000e+00
3.470000000000000284e+01 1.000000000000000000e+00
1.545000000000000000e+02 1.000000000000000000e+00
2.298333332999999925e+02 0.000000000000000000e+00
2.254000000000000057e+02 0.000000000000000000e+00
2.503333333000000138e+01 0.000000000000000000e+00
1.883333332999999854e+01 1.000000000000000000e+00
1.865999999999999943e+02 0.000000000000000000e+00
1.029666667000000047e+02 1.000000000000000000e+00
1.176666666999999933e+02 1.000000000000000000e+00
1.940999999999999943e+02 1.000000000000000000e+00
2.344000000000000057e+02 0.000000000000000000e+00
1.785666667000000132e+02 1.000000000000000000e+00
1.538666666999999961e+02 1.000000000000000000e+00
1.786333333000000039e+02 0.000000000000000000e+00
1.176666666999999933e+02 1.000000000000000000e+00
1.940000000000000000e+02 0.000000000000000000e+00
5.539999999999999858e+01 1.000000000000000000e+00
9.059999999999999432e+01 1.000000000000000000e+00
7.163333332999999925e+01 1.000000000000000000e+00
2.223333332999999925e+02 0.000000000000000000e+00
1.113666666999999961e+02 0.000000000000000000e+00
9.109999999999999432e+01 1.000000000000000000e+00
8.113333332999999925e+01 1.000000000000000000e+00
1.851333333000000039e+02 0.000000000000000000e+00
1.783333332999999854e+01 0.000000000000000000e+00
1.553666666999999961e+02 1.000000000000000000e+00
2.633333332999999854e+01 1.000000000000000000e+00
9.250000000000000000e+01 1.000000000000000000e+00
1.679333332999999868e+02 1.000000000000000000e+00
3.273333333000000067e+01 1.000000000000000000e+00
2.248666666999999961e+02 0.000000000000000000e+00
2.148000000000000114e+02 1.000000000000000000e+00
2.244333332999999868e+02 0.000000000000000000e+00
1.716333333000000039e+02 1.000000000000000000e+00
1.456333333000000039e+02 0.000000000000000000e+00
1.237000000000000028e+02 0.000000000000000000e+00
2.123666666999999961e+02 1.000000000000000000e+00
1.164333333000000010e+02 1.000000000000000000e+00
1.806333333000000039e+02 0.000000000000000000e+00
1.281999999999999886e+02 1.000000000000000000e+00
4.206666666999999649e+01 1.000000000000000000e+00
1.829333332999999868e+02 0.000000000000000000e+00
1.378000000000000114e+02 1.000000000000000000e+00
1.360000000000000000e+02 0.000000000000000000e+00
8.296666666999999507e+01 0.000000000000000000e+00
4.260000000000000142e+01 1.000000000000000000e+00
1.037999999999999972e+02 1.000000000000000000e+00
3.816666666999999791e+01 1.000000000000000000e+00
3.503333332999999783e+01 1.000000000000000000e+00
6.289999999999999858e+01 1.000000000000000000e+00
2.106666667000000004e+01 1.000000000000000000e+00
1.082999999999999972e+02 1.000000000000000000e+00
1.956999999999999886e+02 1.000000000000000000e+00
1.723000000000000114e+02 0.000000000000000000e+00
1.818666666999999961e+02 0.000000000000000000e+00
1.568000000000000114e+02 1.000000000000000000e+00
2.223333333000000067e+01 1.000000000000000000e+00
1.670999999999999943e+02 1.000000000000000000e+00
3.080000000000000071e+01 1.000000000000000000e+00
2.100000000000000000e+01 1.000000000000000000e+00
1.046666666999999933e+02 1.000000000000000000e+00
1.945999999999999943e+02 0.000000000000000000e+00
1.730333333000000096e+02 1.000000000000000000e+00
1.918000000000000114e+02 0.000000000000000000e+00
1.264000000000000057e+02 1.000000000000000000e+00
1.353000000000000114e+02 1.000000000000000000e+00
6.356666666999999649e+01 1.000000000000000000e+00
7.053333333000000493e+01 1.000000000000000000e+00
6.909999999999999432e+01 1.000000000000000000e+00
2.182333332999999982e+02 0.000000000000000000e+00
2.111333333000000039e+02 1.000000000000000000e+00
1.444333332999999868e+02 1.000000000000000000e+00
1.919333332999999868e+02 1.000000000000000000e+00
1.435333333000000096e+02 1.000000000000000000e+00
7.090000000000000568e+01 1.000000000000000000e+00
1.431666667000000075e+02 1.000000000000000000e+00
1.353333332999999961e+01 1.000000000000000000e+00
3.012333333000000266e+02 0.000000000000000000e+00
5.206666666999999649e+01 1.000000000000000000e+00
2.329666666999999904e+02 0.000000000000000000e+00
2.522666667000000018e+02 1.000000000000000000e+00
4.973333333000000067e+01 1.000000000000000000e+00
2.783666666999999961e+02 1.000000000000000000e+00
1.453666666999999961e+02 1.000000000000000000e+00
2.879333333000000152e+02 0.000000000000000000e+00
7.313333332999999925e+01 1.000000000000000000e+00
2.634333333000000152e+02 0.000000000000000000e+00
2.190999999999999943e+02 1.000000000000000000e+00
3.786666667000000075e+01 1.000000000000000000e+00
1.681999999999999886e+02 1.000000000000000000e+00
2.642333333000000266e+02 0.000000000000000000e+00
1.921999999999999886e+02 0.000000000000000000e+00
1.868333332999999925e+02 1.000000000000000000e+00
2.553666666999999961e+02 0.000000000000000000e+00
2.508000000000000114e+02 0.000000000000000000e+00
2.004333332999999868e+02 0.000000000000000000e+00
2.266666667000000146e+01 1.000000000000000000e+00
2.784666667000000189e+02 0.000000000000000000e+00
3.803333332999999783e+01 1.000000000000000000e+00
2.823666666999999961e+02 0.000000000000000000e+00
1.559999999999999964e+01 1.000000000000000000e+00
1.885333333000000096e+02 1.000000000000000000e+00
1.825999999999999943e+02 1.000000000000000000e+00
2.581333333000000039e+02 1.000000000000000000e+00
5.739999999999999858e+01 1.000000000000000000e+00
1.823333332999999925e+02 1.000000000000000000e+00
1.702666667000000018e+02 1.000000000000000000e+00
2.391666667000000075e+02 1.000000000000000000e+00
5.410000000000000142e+01 1.000000000000000000e+00
1.025000000000000000e+02 1.000000000000000000e+00
1.640333333000000096e+02 1.000000000000000000e+00
2.389999999999999858e+01 0.000000000000000000e+00
2.299999999999999822e+00 1.000000000000000000e+00
1.596999999999999886e+02 1.000000000000000000e+00
1.063333332999999925e+01 1.000000000000000000e+00
1.006666667000000004e+01 1.000000000000000000e+00
7.750000000000000000e+01 1.000000000000000000e+00
2.394000000000000057e+02 0.000000000000000000e+00
1.921999999999999886e+02 1.000000000000000000e+00
1.233333333000000067e+02 1.000000000000000000e+00
1.939666666999999904e+02 0.000000000000000000e+00
1.245666666999999990e+02 1.000000000000000000e+00
6.683333333000000209e+01 0.000000000000000000e+00
1.931333333000000039e+02 0.000000000000000000e+00
2.646000000000000227e+02 0.000000000000000000e+00
2.601999999999999886e+02 0.000000000000000000e+00
1.156333333000000039e+02 1.000000000000000000e+00
1.539000000000000057e+02 1.000000000000000000e+00
2.576666667000000075e+02 0.000000000000000000e+00
6.179999999999999716e+01 1.000000000000000000e+00
7.859999999999999432e+01 1.000000000000000000e+00
2.563333332999999925e+01 1.000000000000000000e+00
7.886666667000000075e+01 1.000000000000000000e+00
2.555999999999999943e+02 0.000000000000000000e+00
2.549333332999999868e+02 0.000000000000000000e+00
3.433333333000000209e+01 1.000000000000000000e+00
8.959999999999999432e+01 1.000000000000000000e+00
2.380666667000000132e+02 1.000000000000000000e+00
7.493333332999999641e+01 1.000000000000000000e+00
7.766666666999999791e+01 1.000000000000000000e+00
2.289000000000000057e+02 0.000000000000000000e+00
1.953000000000000114e+02 0.000000000000000000e+00
5.893333333000000351e+01 1.000000000000000000e+00
1.586666667000000075e+01 1.000000000000000000e+00
2.473666666999999961e+02 0.000000000000000000e+00
8.866666666999999791e+01 1.000000000000000000e+00
2.059000000000000057e+02 0.000000000000000000e+00
1.227999999999999972e+02 1.000000000000000000e+00
2.256999999999999886e+02 1.000000000000000000e+00
8.473333332999999357e+01 1.000000000000000000e+00
2.203000000000000114e+02 0.000000000000000000e+00
3.313333332999999925e+01 1.000000000000000000e+00
5.846666667000000217e+01 1.000000000000000000e+00
5.493333333000000351e+01 1.000000000000000000e+00
2.088000000000000114e+02 0.000000000000000000e+00
7.913333332999999925e+01 1.000000000000000000e+00
1.856999999999999886e+02 1.000000000000000000e+00
1.977333332999999982e+02 1.000000000000000000e+00
3.776666666999999933e+01 1.000000000000000000e+00
2.376666666999999933e+01 0.000000000000000000e+00
2.401999999999999886e+02 0.000000000000000000e+00
2.463333332999999925e+01 1.000000000000000000e+00
4.263333332999999925e+01 1.000000000000000000e+00
5.246666667000000217e+01 1.000000000000000000e+00
2.022333332999999982e+02 0.000000000000000000e+00
3.006666667000000004e+01 1.000000000000000000e+00
2.226999999999999886e+02 1.000000000000000000e+00
5.676666666999999933e+01 1.000000000000000000e+00
1.667333332999999982e+02 1.000000000000000000e+00
1.182999999999999972e+02 1.000000000000000000e+00
2.211999999999999886e+02 0.000000000000000000e+00
4.229999999999999716e+01 1.000000000000000000e+00
2.242333332999999982e+02 0.000000000000000000e+00
1.745000000000000000e+02 1.000000000000000000e+00
2.115333333000000096e+02 1.000000000000000000e+00
1.477666667000000018e+02 1.000000000000000000e+00
2.219333332999999868e+02 0.000000000000000000e+00
3.546666667000000217e+01 1.000000000000000000e+00
1.178666666999999961e+02 0.000000000000000000e+00
3.536666667000000075e+01 1.000000000000000000e+00
2.000999999999999943e+02 0.000000000000000000e+00
1.000000000000000056e-01 1.000000000000000000e+00
7.256666667000000359e+01 1.000000000000000000e+00
8.500000000000000000e+01 1.000000000000000000e+00
2.011666667000000075e+02 0.000000000000000000e+00
2.133666666999999961e+02 0.000000000000000000e+00
1.052000000000000028e+02 1.000000000000000000e+00
1.729666666999999904e+02 1.000000000000000000e+00
2.003333332999999925e+02 0.000000000000000000e+00
1.654333332999999868e+02 0.000000000000000000e+00
1.776333333000000039e+02 0.000000000000000000e+00
5.289999999999999858e+01 1.000000000000000000e+00
1.828333332999999925e+02 0.000000000000000000e+00
1.469999999999999929e+01 1.000000000000000000e+00
1.943666666999999961e+02 0.000000000000000000e+00
6.089999999999999858e+01 1.000000000000000000e+00
1.278333333000000067e+02 1.000000000000000000e+00
9.100000000000000000e+01 0.000000000000000000e+00
7.586666667000000075e+01 0.000000000000000000e+00
1.577333332999999982e+02 0.000000000000000000e+00
2.239999999999999858e+01 1.000000000000000000e+00
1.894333332999999868e+02 0.000000000000000000e+00
2.786666667000000075e+01 1.000000000000000000e+00
3.500000000000000000e+00 1.000000000000000000e+00
9.240000000000000568e+01 1.000000000000000000e+00
8.833333333000000209e+01 1.000000000000000000e+00
4.953333332999999783e+01 1.000000000000000000e+00
3.520000000000000284e+01 1.000000000000000000e+00
1.002999999999999972e+02 1.000000000000000000e+00
1.708666666999999961e+02 0.000000000000000000e+00
6.383333333000000209e+01 1.000000000000000000e+00
1.258666666999999961e+02 1.000000000000000000e+00
8.953333333000000493e+01 1.000000000000000000e+00
6.459999999999999432e+01 1.000000000000000000e+00
1.519333332999999868e+02 1.000000000000000000e+00
1.627666667000000018e+02 0.000000000000000000e+00
1.348333332999999925e+02 0.000000000000000000e+00
2.923333333000000067e+01 1.000000000000000000e+00
1.092333332999999982e+02 1.000000000000000000e+00
1.546999999999999886e+02 0.000000000000000000e+00
8.036666667000000075e+01 1.000000000000000000e+00
1.826666666999999933e+01 1.000000000000000000e+00
1.266666666999999933e+02 0.000000000000000000e+00
8.150000000000000000e+01 1.000000000000000000e+00
1.403333332999999925e+02 0.000000000000000000e+00
1.280999999999999943e+02 0.000000000000000000e+00
1.719999999999999929e+01 1.000000000000000000e+00
1.108666666999999961e+02 1.000000000000000000e+00
1.529333332999999868e+02 1.000000000000000000e+00
2.815000000000000000e+02 0.000000000000000000e+00
3.786666667000000075e+01 1.000000000000000000e+00
8.503333333000000493e+01 1.000000000000000000e+00
1.669999999999999929e+01 1.000000000000000000e+00
9.740000000000000568e+01 0.000000000000000000e+00
1.027000000000000028e+02 0.000000000000000000e+00
5.793333333000000351e+01 0.000000000000000000e+00
9.123333332999999357e+01 1.000000000000000000e+00
5.046666667000000217e+01 0.000000000000000000e+00
4.533333333000000209e+01 0.000000000000000000e+00
1.099333333000000010e+02 0.000000000000000000e+00
5.860000000000000142e+01 0.000000000000000000e+00
5.089999999999999858e+01 1.000000000000000000e+00
5.476666666999999933e+01 1.000000000000000000e+00
7.403333333000000493e+01 0.000000000000000000e+00
7.006666667000000359e+01 1.000000000000000000e+00
1.983333332999999854e+01 1.000000000000000000e+00
4.643333333000000351e+01 0.000000000000000000e+00
6.870000000000000284e+01 0.000000000000000000e+00
7.816666666999999791e+01 0.000000000000000000e+00
1.353333332999999925e+02 0.000000000000000000e+00
8.653333333000000493e+01 1.000000000000000000e+00
8.073333332999999357e+01 1.000000000000000000e+00
7.163333332999999925e+01 1.000000000000000000e+00
8.550000000000000000e+01 0.000000000000000000e+00
2.796666666999999862e+01 1.000000000000000000e+00
7.026666667000000643e+01 0.000000000000000000e+00
8.023333332999999357e+01 0.000000000000000000e+00
1.117000000000000028e+02 1.000000000000000000e+00
3.696666667000000217e+01 1.000000000000000000e+00
8.979999999999999716e+01 0.000000000000000000e+00
7.686666667000000075e+01 0.000000000000000000e+00
3.133333332999999854e+01 1.000000000000000000e+00
8.536666667000000075e+01 0.000000000000000000e+00
7.146666666999999507e+01 0.000000000000000000e+00
7.509999999999999432e+01 0.000000000000000000e+00
3.206666666999999649e+01 1.000000000000000000e+00
1.204333333000000010e+02 0.000000000000000000e+00
8.640000000000000568e+01 0.000000000000000000e+00
8.103333333000000493e+01 0.000000000000000000e+00
4.920000000000000284e+01 1.000000000000000000e+00
7.183333333000000209e+01 0.000000000000000000e+00
1.019666667000000047e+02 1.000000000000000000e+00
8.850000000000000000e+01 0.000000000000000000e+00
9.153333333000000493e+01 0.000000000000000000e+00
8.683333333000000209e+01 0.000000000000000000e+00
9.493333332999999641e+01 1.000000000000000000e+00
1.464000000000000057e+02 1.000000000000000000e+00
8.846666666999999507e+01 0.000000000000000000e+00
1.020333332999999953e+02 0.000000000000000000e+00
6.513333332999999925e+01 1.000000000000000000e+00
8.593333332999999641e+01 1.000000000000000000e+00
1.061333333000000039e+02 0.000000000000000000e+00
1.221333333000000039e+02 0.000000000000000000e+00
3.043333332999999996e+01 1.000000000000000000e+00
9.133333332999999499e+00 1.000000000000000000e+00
1.170000000000000000e+02 0.000000000000000000e+00
4.383333333000000209e+01 1.000000000000000000e+00
1.225000000000000000e+02 0.000000000000000000e+00
1.193333333000000067e+02 0.000000000000000000e+00
1.126666666999999933e+02 1.000000000000000000e+00
9.676666667000000643e+01 1.000000000000000000e+00
9.586666667000000075e+01 0.000000000000000000e+00
8.659999999999999432e+01 0.000000000000000000e+00
1.078666666999999961e+02 0.000000000000000000e+00
8.976666667000000643e+01 0.000000000000000000e+00
1.050000000000000000e+02 0.000000000000000000e+00
9.846666666999999507e+01 0.000000000000000000e+00
1.145999999999999943e+02 0.000000000000000000e+00
1.080666666999999990e+02 0.000000000000000000e+00
1.020666666999999990e+02 0.000000000000000000e+00
5.233333333000000209e+01 1.000000000000000000e+00
1.379333332999999868e+02 1.000000000000000000e+00
1.081666666999999933e+02 0.000000000000000000e+00
1.116333333000000039e+02 0.000000000000000000e+00
1.426666667000000075e+02 1.000000000000000000e+00
1.012666667000000018e+02 0.000000000000000000e+00
4.166666667000000324e+00 1.000000000000000000e+00
9.106666667000000359e+01 0.000000000000000000e+00
9.123333332999999357e+01 0.000000000000000000e+00
1.402333332999999982e+02 0.000000000000000000e+00
9.826666667000000643e+01 0.000000000000000000e+00
1.054666667000000047e+02 0.000000000000000000e+00
1.165333332999999953e+02 0.000000000000000000e+00
1.100999999999999943e+02 0.000000000000000000e+00
1.235333332999999953e+02 0.000000000000000000e+00
5.066666666999999791e+00 1.000000000000000000e+00
1.235333332999999953e+02 0.000000000000000000e+00
1.189000000000000057e+02 0.000000000000000000e+00
1.097666667000000018e+02 0.000000000000000000e+00
1.102666667000000018e+02 0.000000000000000000e+00
1.224000000000000057e+02 0.000000000000000000e+00
1.258333333000000067e+02 1.000000000000000000e+00
1.133666666999999961e+02 0.000000000000000000e+00
1.156333333000000039e+02 0.000000000000000000e+00
1.240000000000000000e+02 0.000000000000000000e+00
6.516666666999999791e+01 1.000000000000000000e+00
1.631666667000000075e+02 1.000000000000000000e+00
1.563333332999999925e+02 1.000000000000000000e+00
1.242666667000000018e+02 0.000000000000000000e+00
1.040999999999999943e+02 1.000000000000000000e+00
1.228333333000000067e+02 1.000000000000000000e+00
3.750000000000000000e+01 1.000000000000000000e+00
5.693333333000000351e+01 1.000000000000000000e+00
1.175333332999999953e+02 0.000000000000000000e+00
3.016666667000000146e+01 1.000000000000000000e+00
6.470000000000000284e+01 1.000000000000000000e+00
1.366999999999999886e+02 1.000000000000000000e+00
1.232666667000000018e+02 0.000000000000000000e+00
1.417333332999999982e+02 1.000000000000000000e+00
3.336666667000000075e+01 1.000000000000000000e+00
1.405666667000000132e+02 0.000000000000000000e+00
1.283666666999999961e+02 0.000000000000000000e+00
8.883333333000000209e+01 1.000000000000000000e+00
2.989999999999999858e+01 1.000000000000000000e+00
1.376666667000000075e+02 0.000000000000000000e+00
1.395999999999999943e+02 0.000000000000000000e+00
1.353333332999999925e+02 0.000000000000000000e+00
6.026666666999999933e+01 1.000000000000000000e+00
1.029666667000000047e+02 1.000000000000000000e+00
1.347333332999999982e+02 0.000000000000000000e+00
1.315999999999999943e+02 0.000000000000000000e+00
2.383333332999999854e+01 1.000000000000000000e+00
2.673333333000000067e+01 1.000000000000000000e+00
1.798000000000000114e+02 0.000000000000000000e+00
1.230000000000000000e+02 1.000000000000000000e+00
9.079999999999999716e+01 1.000000000000000000e+00
1.385666667000000132e+02 0.000000000000000000e+00
1.759000000000000057e+02 1.000000000000000000e+00
1.863666666999999961e+02 0.000000000000000000e+00
1.026333333000000039e+02 1.000000000000000000e+00
1.383333332999999925e+02 0.000000000000000000e+00
1.685999999999999943e+02 1.000000000000000000e+00
4.463333332999999925e+01 1.000000000000000000e+00
1.289666666999999904e+02 0.000000000000000000e+00
1.444333332999999868e+02 0.000000000000000000e+00
1.958000000000000114e+02 1.000000000000000000e+00
1.428000000000000114e+02 0.000000000000000000e+00
1.084666667000000047e+02 1.000000000000000000e+00
1.497666667000000018e+02 0.000000000000000000e+00
2.196333333000000039e+02 0.000000000000000000e+00
4.643333333000000351e+01 1.000000000000000000e+00
2.193333332999999996e+01 1.000000000000000000e+00
1.480666667000000132e+02 0.000000000000000000e+00
1.215333332999999953e+02 0.000000000000000000e+00
1.401999999999999886e+02 0.000000000000000000e+00
5.263333332999999925e+01 1.000000000000000000e+00
2.114000000000000057e+02 0.000000000000000000e+00
1.471666667000000075e+02 0.000000000000000000e+00
1.410333333000000096e+02 0.000000000000000000e+00
1.505000000000000000e+02 0.000000000000000000e+00
1.554000000000000057e+02 0.000000000000000000e+00
1.604000000000000057e+02 1.000000000000000000e+00
1.493000000000000114e+02 0.000000000000000000e+00
6.353333332999999783e+01 1.000000000000000000e+00
1.407666667000000018e+02 0.000000000000000000e+00
1.944000000000000057e+02 1.000000000000000000e+00
1.575333333000000096e+02 0.000000000000000000e+00
4.946666667000000217e+01 1.000000000000000000e+00
1.250333332999999953e+02 1.000000000000000000e+00
4.866666666999999613e+00 0.000000000000000000e+00
1.468333332999999925e+02 1.000000000000000000e+00
1.435999999999999943e+02 1.000000000000000000e+00
8.746666666999999507e+01 1.000000000000000000e+00
4.666666666999999791e+01 1.000000000000000000e+00
8.043333332999999641e+01 1.000000000000000000e+00
1.070999999999999943e+02 1.000000000000000000e+00
1.878666666999999961e+02 1.000000000000000000e+00
1.673333333000000067e+01 1.000000000000000000e+00
7.600000000000000000e+01 1.000000000000000000e+00
9.759999999999999432e+01 1.000000000000000000e+00
1.634333332999999868e+02 0.000000000000000000e+00
1.660333333000000096e+02 0.000000000000000000e+00
5.573333333000000067e+01 1.000000000000000000e+00
4.593333333000000351e+01 1.000000000000000000e+00
5.250000000000000000e+01 1.000000000000000000e+00
2.089666666999999904e+02 1.000000000000000000e+00
2.074666666999999904e+02 1.000000000000000000e+00
9.040000000000000568e+01 1.000000000000000000e+00
1.654333332999999868e+02 0.000000000000000000e+00
1.651999999999999886e+02 0.000000000000000000e+00
1.831999999999999886e+02 1.000000000000000000e+00
5.500000000000000000e+01 1.000000000000000000e+00
5.336666667000000075e+01 1.000000000000000000e+00
6.320000000000000284e+01 1.000000000000000000e+00
2.391666667000000075e+02 0.000000000000000000e+00
1.115999999999999943e+02 1.000000000000000000e+00
1.825999999999999943e+02 0.000000000000000000e+00
1.990333333000000096e+02 1.000000000000000000e+00
1.775999999999999943e+02 0.000000000000000000e+00
2.220333333000000096e+02 1.000000000000000000e+00
2.221999999999999886e+02 0.000000000000000000e+00
1.708000000000000114e+02 0.000000000000000000e+00
2.014666666999999904e+02 1.000000000000000000e+00
2.393333332999999996e+01 1.000000000000000000e+00
2.326666666999999933e+01 1.000000000000000000e+00
1.710999999999999943e+02 0.000000000000000000e+00
1.488000000000000114e+02 1.000000000000000000e+00
1.841666667000000075e+02 0.000000000000000000e+00
5.866666666999999791e+01 1.000000000000000000e+00
5.100000000000000000e+01 1.000000000000000000e+00
2.156666667000000004e+01 1.000000000000000000e+00
3.570000000000000284e+01 1.000000000000000000e+00
5.996666667000000217e+01 1.000000000000000000e+00
1.921999999999999886e+02 0.000000000000000000e+00
3.470000000000000284e+01 1.000000000000000000e+00
1.506666667000000004e+01 1.000000000000000000e+00
3.116666667000000146e+01 0.000000000000000000e+00
1.040333332999999953e+02 1.000000000000000000e+00
1.649666666999999904e+02 1.000000000000000000e+00
4.296666667000000217e+01 1.000000000000000000e+00
6.816666666999999791e+01 1.000000000000000000e+00
1.953666666999999961e+02 1.000000000000000000e+00
2.274666666999999904e+02 0.000000000000000000e+00
2.116666667000000146e+01 1.000000000000000000e+00
1.751666667000000075e+02 0.000000000000000000e+00
2.081999999999999886e+02 0.000000000000000000e+00
4.439999999999999858e+01 1.000000000000000000e+00
1.853333332999999925e+02 0.000000000000000000e+00
1.870333333000000096e+02 0.000000000000000000e+00
2.413000000000000114e+02 1.000000000000000000e+00
2.130000000000000071e+01 1.000000000000000000e+00
1.955333333000000096e+02 0.000000000000000000e+00
4.953333332999999783e+01 1.000000000000000000e+00
2.886666667000000075e+01 1.000000000000000000e+00
2.030000000000000000e+02 1.000000000000000000e+00
1.090000000000000000e+02 1.000000000000000000e+00
1.586333333000000039e+02 1.000000000000000000e+00
9.696666666999999507e+01 1.000000000000000000e+00
2.706666667000000004e+01 1.000000000000000000e+00
1.266666666999999933e+02 1.000000000000000000e+00
6.833333332999999676e+00 1.000000000000000000e+00
7.846666666999999507e+01 1.000000000000000000e+00
1.992333332999999982e+02 0.000000000000000000e+00
8.273333332999999357e+01 1.000000000000000000e+00
1.968666666999999961e+02 0.000000000000000000e+00
4.473333333000000067e+01 1.000000000000000000e+00
1.759666666999999904e+02 1.000000000000000000e+00
8.623333332999999357e+01 1.000000000000000000e+00
2.019000000000000057e+02 1.000000000000000000e+00
